304.15430
305.34134
307.06836
305.88541
305.09821
299.88007
290.42896
301.62357
299.48029
292.03644
297.76562
298.88675
296.55795
298.64767
292.56812
292.75360
288.93277
290.16101
288.55356
286.10526
272.57361
280.56976
278.93344
271.31235
271.21756
259.26041
262.77625
254.73889
239.62450
246.84164
255.60033
258.28769
258.42371
262.75977
246.00493
236.29413
253.50237
250.74080
246.03792
242.26239
232.58458
219.80722
213.92139
232.98851
212.77142
220.94894
232.59283
230.91528
243.70502
229.27483
238.61055
240.39526
230.72156
241.13718
246.45421
225.77548
223.03041
225.01709
231.81795
225.86617
225.98569
238.50339
252.76459
254.55341
260.85553
259.67258
259.00488
260.69479
264.26831
268.58789
272.14496
264.58157
254.45448
262.71442
254.48334
256.76678
258.95129
255.57973
255.43959
259.36758
263.31207
263.07303
264.47440
263.37802
262.91638
260.18369
259.49948
259.49124
254.16597
261.18527
264.65164
240.50243
244.30679
238.23959
243.37114
242.98372
245.91426
259.61078
274.79935
277.11575
284.81104
282.98511
284.33289
281.10147
281.83514
283.98254
286.37729
287.72510
288.99460
286.57513
293.87061
296.28180
294.47235
297.89340
301.03418
288.64011
286.62048
287.45306
297.22156
305.99261
307.57944
307.88449
305.61752
301.95331
291.15848
281.37762
267.11646
304.32330
301.60297
293.49139
290.16928
286.83069
260.45160
250.06895
251.75063
280.12051
282.22672
292.58047
293.87061
233.80049
236.60327
262.48361
297.33286
296.60330
287.80341
290.66388
271.04034
276.52637
283.82181
286.59985
285.15314
262.73917
274.36243
258.50201
240.70439
212.56946
227.12329
238.41270
248.53156
255.36951
254.82132
247.08072
240.01195
242.70755
221.97113
228.12900
241.09595
231.81381
228.94510
223.13757
223.67754
234.67430
236.46312
235.21837
231.73550
263.12250
264.87833
268.69919
266.20554
255.82701
266.52292
267.46265
265.99533
272.97754
277.46198
281.36938
276.49750
271.13925
275.09198
270.71469
280.12460
269.40811
253.45290
234.30746
226.45146
238.44156
241.39273
249.99066
259.63550
255.41074
257.26550
270.03052
274.74164
274.89001
274.91061
273.49277
270.24481
274.16046
272.16968
274.08627
272.60657
279.65475
279.07358
279.31674
277.35895
277.69693
279.86496
279.01999
279.92267
280.08340
279.42804
279.91031
280.36780
279.22607
276.31613
278.97055
278.92932
279.66299
279.11478
267.04639
270.84659
270.26544
264.46616
272.37988
271.69568
272.02130
268.34885
268.62912
261.58508
260.45160
269.68842
271.29999
259.54068
265.45950
261.86124
258.96365
260.88437
237.44823
242.39842
247.31978
247.07658
247.86383
248.69643
242.45613
240.74149
240.59311
237.52242
242.06868
245.51445
234.06018
230.57729
233.31825
230.05797
232.37024
229.77356
223.05515
222.32559
220.86652
221.57956
220.26886
217.21878
213.01462
228.89563
227.09445
234.97519
234.00247
234.30746
236.66510
238.58995
233.98598
237.08139
230.12804
229.19240
235.04526
242.62512
236.94125
233.92415
235.81189
236.34361
238.83725
220.33067
216.72003
192.93355
181.77600
181.24019
181.99860
175.14827
177.55536
211.70802
234.97931
250.30391
258.83588
263.36154
261.74170
274.60562
279.11069
288.11255
287.43655
280.25241
291.12552
291.70258
305.86069
314.02997
312.93356
316.95639
302.87244
299.61215
308.99731
304.45520
302.67871
307.57535
304.98279
284.96765
280.02158
278.18741
271.38242
255.54674
270.34787
277.56915
273.53809
256.92752
253.97635
267.05463
283.20767
267.82950
255.02739
256.17325
276.81485
264.53622
281.85574
288.89566
280.09576
282.45752
270.27780
276.79425
265.66147
253.38283
253.05722
251.82483
240.25101
254.42151
258.90182
258.45670
261.00391
264.85773
273.43918
271.60089
275.32693
272.59833
269.93982
276.98386
274.04507
267.59869
267.92432
267.15765
277.58975
270.61990
268.34058
274.46548
268.78162
253.50237
254.96146
258.63391
261.82828
254.61522
245.65872
236.40955
233.19049
245.74115
244.87560
228.73901
227.04085
219.74538
208.89288
214.21815
223.06750
233.40892
250.85208
265.99945
276.48926
283.91663
286.74411
285.70956
284.75333
284.39059
285.10779
290.66388
292.28784
296.26944
298.54462
296.17053
296.66101
294.39816
297.68732
296.37659
293.37598
282.35449
278.65317
299.03101
284.81512
293.77991
295.13599
290.75458
286.71939
280.17819
284.48541
278.74796
268.75275
273.17538
273.45566
270.98264
262.78864
266.30856
268.85168
268.50958
264.96902
258.37836
226.22887
217.76285
205.19569
193.87741
183.48653
180.28395
179.90475
176.93712
172.70410
180.80742
172.01163
172.88132
179.06804
200.03941
199.34283
194.68527
206.90208
220.50792
215.32278
200.82664
205.65733
230.36708
253.89392
248.53156
272.10373
278.80566
272.91983
280.59860
282.29678
283.52505
285.37982
288.87918
290.86172
291.41815
295.77896
295.50278
293.78815
293.73044
292.36615
291.18735
291.08432
291.34808
290.63916
293.86237
292.21365
291.87155
290.05386
293.01328
287.05737
286.83478
288.86679
292.06528
292.32083
289.36966
290.89056
291.52530
292.62994
293.85410
290.45779
289.62933
288.99869
283.87952
288.90390
287.80753
287.92294
287.39536
287.35413
287.93118
281.40237
280.43787
281.61670
277.42078
216.82309
241.11656
242.53444
238.28493
258.83588
274.31299
262.00549
272.68491
270.82187
271.99246
260.03531
275.50003
269.77493
275.91220
273.56696
278.31519
271.06094
278.01428
279.48575
279.16013
280.45847
274.90237
278.64081
271.00323
255.82701
254.61522
241.54111
235.52336
244.69835
246.61908
250.71608
248.28426
263.35330
279.95975
283.35605
278.56659
247.15489
250.47289
260.33621
253.93103
255.40660
266.39926
272.20267
262.61139
271.24228
266.79495
264.54446
274.82407
273.62466
268.91351
258.04453
258.05688
252.35652
249.40125
251.42914
257.94147
235.71710
249.07976
231.64482
214.87764
216.62524
220.93658
240.07788
238.47041
244.48814
243.61021
237.89751
238.23959
230.57318
228.87915
234.80620
240.39937
228.40514
240.49829
232.51865
242.01923
246.90761
248.69231
247.46404
247.51761
250.91805
246.61908
240.28809
245.25891
249.09212
236.80112
243.31343
256.58130
254.97382
257.56638
259.16974
255.16754
257.26138
259.75916
261.96426
259.95285
260.03531
264.38785
267.21536
263.99628
268.51370
273.30316
269.68015
266.70013
266.15195
265.94174
272.35516
273.81012
273.63290
275.99466
278.90048
274.22641
276.55521
281.46005
277.51144
280.56564
282.51523
276.14304
270.61990
253.17674
252.60382
261.10284
274.02856
268.72803
250.21735
242.26653
240.92285
257.77249
250.47289
249.56612
239.59152
234.22916
252.02679
249.19926
236.76814
244.12131
241.52461
248.87366
231.69017
237.88925
242.61688
243.82042
243.35468
242.20882
226.80592
229.57985
231.77260
246.72626
254.17833
257.74362
260.92972
267.30603
271.51843
269.00006
270.19125
264.05399
275.10437
277.79172
277.39603
282.45752
283.69815
280.59039
285.71368
284.11859
282.92328
283.49619
283.85892
284.26697
273.98737
275.08374
280.01746
285.32211
287.74982
280.71402
278.85513
268.34058
273.88019
277.14459
279.92676
269.57300
273.91730
283.92487
265.85931
252.69452
224.75330
233.21107
265.80573
285.23557
281.40646
283.87128
282.03299
283.66519
280.68106
275.67316
280.67694
282.57706
272.78793
265.41415
262.41766
267.20712
270.93729
263.48932
267.87485
269.21439
279.98038
260.09714
246.25224
255.42722
263.41513
272.47055
274.52731
278.36053
283.57452
285.02536
284.98413
285.67245
288.25269
286.62048
286.75235
286.08463
287.11096
285.98572
286.99966
290.29294
293.27704
291.87979
293.19461
291.50058
279.48163
286.90485
292.14771
293.35126
295.00406
287.02026
286.29483
273.55460
277.91125
289.02344
291.02661
295.03293
296.08810
293.54495
283.72287
286.40201
281.38998
290.05386
276.48514
281.89285
282.04535
284.62143
277.11575
271.00323
272.69727
267.12469
268.76926
272.51178
261.84888
271.93475
278.30692
269.95218
285.80023
281.43121
278.74796
283.06342
279.48163
281.31992
280.98193
283.25299
275.28983
284.10208
282.01239
282.89444
276.45630
272.74261
275.16205
278.71912
264.57745
261.66751
258.84000
251.85368
245.88129
260.28259
260.34857
266.93097
268.45187
274.32123
261.89008
255.64980
223.74347
243.29285
242.38606
250.68309
244.59531
254.15771
257.05530
249.33942
254.29373
249.99478
242.31187
235.26782
243.09500
233.11629
229.09348
229.28307
226.66167
239.21233
253.78264
255.49730
265.00610
265.22458
262.60727
264.05399
261.82001
265.42651
269.01657
268.81873
271.61325
269.50705
271.29587
272.94458
265.55017
261.07809
262.87518
264.46616
268.39828
249.85463
242.49323
228.76787
222.16074
203.69949
206.81552
204.32600
210.38083
207.08757
192.97063
195.06448
194.60696
201.56857
208.46834
213.31549
226.73174
235.87785
245.68758
244.66949
257.10477
243.10323
250.56358
241.81726
257.19543
253.50237
265.27402
268.14688
258.34128
222.94798
214.24701
200.03116
201.25117
217.90710
222.66771
223.77644
206.13132
200.67003
195.36537
203.22961
213.25368
230.42067
249.77632
258.33304
262.35172
269.40811
270.71469
268.03558
265.97473
263.18018
267.83774
273.26193
267.07523
272.29333
274.96423
273.11768
273.06821
275.96167
270.36850
279.10654
250.91393
252.30293
257.51282
261.54385
252.12158
261.89420
255.74872
269.04129
275.33105
269.83264
283.18707
285.11603
297.77798
301.94916
303.28049
300.02020
297.16800
281.70737
268.03970
266.31271
286.69879
288.09192
294.43115
299.95013
300.85690
302.62100
300.95996
304.22852
303.54840
301.08774
305.70819
305.55981
300.82806
297.45236
293.02563
297.10614
293.44196
297.96759
296.92892
276.43155
286.28247
269.37927
267.69348
266.81555
259.09967
251.90312
268.88879
257.53342
261.25122
283.16232
287.74982
295.53989
293.38834
287.76218
292.17657
291.46350
290.98126
281.47653
282.11542
275.20328
267.68936
285.42517
262.43414
236.67334
240.26337
246.77983
240.87338
248.95610
261.64691
280.00922
282.30087
294.31573
287.00378
280.21530
266.98456
281.03552
286.66580
286.33194
277.73813
282.17725
274.86530
279.68359
281.34467
273.77304
293.59854
286.71115
281.96292
291.43875
271.07742
268.56317
270.54984
253.71257
252.76045
270.96201
259.58191
257.16656
218.40584
225.54468
248.35020
269.48642
285.41278
299.12167
295.01642
297.81506
297.96759
296.06747
288.02597
283.22415
250.83560
241.34326
250.61716
275.07550
274.70456
273.41446
246.51192
247.63713
230.40419
235.75008
269.43698
276.55109
213.85545
213.51334
216.74478
211.56375
208.39003
223.54976
241.62354
271.09802
281.98764
281.90933
279.41980
277.45374
233.84171
234.74437
222.63472
228.35980
225.77548
234.72787
251.53217
246.64792
245.13113
235.25958
204.61040
196.82445
203.80254
217.49493
240.30872
268.61676
274.49435
289.32843
288.50409
289.05228
288.77612
286.81833
285.70132
281.32404
285.72192
280.03394
286.83893
283.04694
286.15060
284.74097
284.30817
279.84433
283.29425
265.25342
266.54764
267.73883
242.68695
255.39424
252.83876
248.04108
252.65327
242.67046
243.69678
245.25479
247.81851
254.89139
256.66785
236.99071
227.04498
225.43338
227.66322
236.17462
230.00026
229.87248
227.76628
224.72858
225.39217
223.75996
218.75204
215.31041
231.92511
237.53065
240.01605
232.59694
224.18039
228.94510
223.11697
215.73495
211.75748
211.28760
213.94200
211.83992
212.02129
212.73845
214.28410
217.84528
215.28569
215.20325
213.01874
212.44994
208.95059
204.37958
201.45316
200.22076
202.03432
201.20996
199.78798
197.98677
196.70081
196.73790
197.64468
199.53656
200.59172
201.77052
201.59741
202.29399
206.52701
207.49149
210.59105
212.80441
217.61446
220.19054
235.82014
261.73758
260.37741
266.77435
253.43642
261.08636
265.14624
279.37445
289.27072
293.50375
290.31354
293.92416
300.07379
300.42001
301.09598
299.45554
296.31067
300.16858
299.63278
297.21329
306.27289
310.34515
308.63049
310.33276
314.81723
316.99350
314.18246
316.13205
317.43039
317.87143
313.60541
315.50964
315.78171
318.01157
318.68341
319.80450
321.21826
320.68655
320.16724
320.82669
321.23477
322.19925
321.41199
319.49951
308.40793
300.26340
299.64923
280.11636
276.07709
259.63962
250.04424
224.29578
224.63788
227.84047
221.41469
221.16327
220.69751
220.40486
224.27931
243.00020
278.60370
293.60266
297.87277
297.33286
288.26093
289.11411
277.62271
291.46350
287.29642
292.84839
297.60898
302.24594
308.32550
311.56931
307.95456
281.91757
251.72591
244.45103
253.73729
245.91838
248.67993
241.91618
252.25760
278.05551
292.27548
294.01074
284.79868
286.67819
288.71841
297.51419
301.53702
305.41144
297.27927
281.60019
275.80505
247.27855
257.31497
250.25856
248.74588
248.95610
253.59303
270.02640
286.34018
264.35077
268.41064
275.38876
261.98077
259.05435
255.79816
253.13141
256.27216
260.81845
252.90059
255.80229
254.17833
264.14877
274.73340
284.17215
289.56339
287.53549
290.79578
290.54846
290.94415
293.92828
298.69302
304.24500
307.42285
313.00363
313.77032
313.48590
315.67041
315.29123
314.43390
315.21701
314.65237
319.28931
319.67261
319.73859
316.61841
294.20032
283.92487
277.56915
262.07556
258.27945
258.14755
269.16907
271.11450
286.85953
294.82684
283.29425
273.67822
284.98825
296.29831
302.63339
309.17044
300.77036
286.97083
295.11536
300.95584
290.84525
279.56406
297.48120
293.82111
289.37790
305.36197
294.65784
292.80719
285.95273
275.24860
285.07480
290.51550
282.88617
283.40552
277.33835
252.49667
238.94855
241.11656
253.82799
261.19351
267.96552
273.69882
278.29047
282.63477
280.15759
271.16809
274.77463
266.38690
260.23727
269.18555
270.07996
291.31924
287.34177
289.83954
280.20294
268.81873
267.20712
264.14468
254.05467
214.77872
214.57674
217.17757
217.65567
218.86333
216.46039
218.98288
219.03645
238.91969
258.31656
270.59106
276.98386
252.81403
247.13840
246.76334
256.44116
254.76775
253.84859
252.54613
247.13840
234.05191
228.37218
228.52881
225.33858
230.89880
239.68221
230.70920
226.18765
238.94441
254.56577
273.58344
278.25748
265.03909
263.48932
250.39870
225.59825
228.22792
229.77769
226.43909
237.59248
246.11211
279.08182
272.73434
286.83069
292.52277
292.67529
278.71500
262.75153
260.56290
258.78644
281.66202
263.51404
260.92972
276.04822
282.15250
265.12976
274.82819
291.64072
286.81833
272.63544
270.40558
253.84859
258.49377
260.80194
257.78897
253.98874
275.88336
278.78918
270.98264
275.10437
274.14810
278.82214
237.44409
232.27959
232.73297
241.12070
233.26878
237.05667
239.86356
232.65878
230.28053
245.61749
245.39905
242.71167
242.21295
217.63094
228.07542
230.91528
230.19810
242.52208
242.12225
231.27798
224.29990
227.31288
216.43564
214.91885
209.37512
201.11104
202.52069
195.12630
198.65038
194.28136
193.43225
192.94591
195.39420
196.83682
196.67607
198.38246
202.60312
206.91858
211.73274
215.33102
218.47591
220.06689
220.83766
220.37189
218.33989
217.15283
216.14713
214.52730
214.49844
213.25780
212.40047
211.46072
210.40143
209.17728
208.15097
207.44615
206.98451
206.55586
206.22610
207.59453
211.95531
215.24034
218.53362
221.32401
223.99489
229.91783
233.96536
229.06462
226.15880
229.49741
232.28781
233.85408
225.96921
225.76312
226.52975
222.71304
224.57195
226.93370
222.03296
216.99208
217.00858
221.14679
218.26570
219.47337
216.05232
217.00858
221.47653
220.20703
228.96158
232.86899
235.96442
226.58334
226.58334
220.91597
223.56212
222.58939
217.98128
218.61604
216.36147
213.20009
215.21973
214.52730
212.23972
208.17982
213.89667
211.00319
216.17186
230.96474
248.31311
262.74741
264.22299
274.09863
277.33008
276.90143
280.90363
287.67975
291.91278
294.15500
286.98730
287.91467
284.77805
288.72665
284.62555
285.06244
274.48196
279.98038
277.16522
280.91187
286.73587
285.41278
283.28598
280.12872
278.89633
278.77679
266.05304
250.88919
260.89676
265.43478
266.81143
262.12915
231.59537
232.85249
217.48668
209.07837
202.35992
202.65257
208.88463
216.48097
226.76471
240.82803
247.92979
245.18884
247.04774
246.77158
258.68750
230.19810
231.30684
226.40611
215.36400
227.53134
244.07597
241.17427
240.65906
239.06393
237.74500
238.82901
239.21233
246.02556
250.10194
276.62527
285.01712
284.70798
267.02576
247.16725
250.64601
261.28006
257.08414
263.91385
265.45950
278.55838
272.81680
263.55939
266.32507
272.97754
292.74536
272.36340
265.94174
286.10114
256.32986
243.34229
256.02899
272.80032
252.52963
248.72115
255.59619
257.98270
253.50237
261.23062
257.43451
254.17419
266.86914
264.90720
273.50101
277.60626
261.56445
270.33139
275.11258
282.08655
283.17056
277.42902
274.73752
266.77020
272.47879
272.26859
260.41037
258.39072
259.50772
259.46652
265.80573
255.64980
261.98901
255.83937
257.41800
240.54776
245.76175
242.80647
229.32841
211.99655
223.59920
200.16719
190.55943
180.62604
182.95071
181.83371
180.56424
183.12794
180.58482
178.66823
175.42442
173.62737
172.25482
171.18317
170.03322
168.72664
167.25517
165.68480
164.09378
162.55640
161.30339
160.72635
160.94066
162.63058
167.86931
171.43048
175.37085
178.99797
182.32008
185.24240
187.88029
190.13901
191.00868
190.64186
189.92468
188.95195
187.39392
189.70210
190.49347
189.78867
191.06227
184.60764
182.98781
181.26904
180.44469
184.77663
183.98938
188.96431
197.09236
203.19666
198.39896
202.08379
203.70775
203.43982
203.27496
202.93285
201.34187
199.21916
200.34441
202.62785
202.28163
206.10246
215.32690
211.81931
214.63033
236.30238
247.41869
253.69608
268.31586
280.76349
283.05930
283.07578
258.02390
267.50800
259.46237
271.94299
279.50635
291.79736
290.73807
290.54437
285.17786
277.77112
274.64685
263.88913
257.61996
265.52545
241.14542
235.13594
242.70755
253.35811
268.72391
272.84564
278.03079
279.79489
265.95410
258.80292
225.77135
227.63850
241.80490
268.03146
274.25528
278.92108
284.77393
281.69913
288.05072
285.23969
293.96124
306.61496
299.17523
302.67871
301.19077
299.98721
301.67715
299.85944
299.57507
304.01416
308.30490
310.36987
311.11179
309.07153
294.70319
285.21494
291.60776
300.47360
299.18350
276.25430
285.21909
281.31992
267.53687
269.23499
268.22516
269.96454
231.47583
241.52049
242.63336
229.61694
208.50543
196.43288
192.68211
190.67482
189.51663
188.50267
188.52742
189.54135
193.73727
197.33968
200.79369
203.19254
211.76573
217.99777
227.95589
238.98563
239.73167
238.09122
231.87564
224.69148
202.76385
200.69063
198.88945
196.21855
199.54478
205.52542
204.92365
203.35327
201.47377
210.64049
217.14458
224.85634
219.55167
230.28879
227.23459
230.51547
249.43422
264.47852
270.74356
267.49152
266.14371
267.85010
262.92877
244.90031
192.85110
190.82321
188.82005
187.01886
185.44847
183.96878
182.78583
181.61528
180.44882
179.36481
179.31535
180.52303
187.35684
194.01755
195.32826
196.00424
197.16243
198.69984
199.64372
199.96109
199.19032
196.61836
195.08920
193.56830
192.95003
191.50743
191.05817
190.74489
190.53468
190.42340
190.40691
190.25441
190.43990
191.30959
193.66721
197.93733
202.02194
207.50386
216.37794
219.51869
219.45688
222.00822
223.27771
224.14740
223.59920
221.85985
220.56563
219.60938
216.12653
215.34750
214.40775
213.38556
212.14493
210.92902
209.94392
208.95059
207.91605
206.99687
207.46265
209.26384
216.12653
219.56403
222.97270
225.83731
227.90230
229.10583
229.36552
228.56590
225.84967
222.33797
219.99271
217.79170
216.21719
214.72923
213.77711
213.30725
213.20421
213.65761
214.51492
215.69785
216.83545
217.75461
218.73146
220.98190
226.81003
231.67781
235.96852
247.39395
241.82140
245.84831
248.21829
250.41107
248.81184
247.38985
243.55251
241.85847
240.18506
239.42665
238.85785
237.76973
236.33948
234.92984
233.25230
231.28212
228.92860
226.25362
225.31386
226.68639
229.03577
230.85757
234.10962
237.43999
240.07376
241.93268
243.19804
243.29697
242.12639
239.73167
237.52242
235.86960
233.82111
232.13945
230.94826
229.94255
229.00693
227.60965
225.67656
223.35602
221.13441
219.04881
218.55420
220.48320
227.30466
232.78242
237.31221
239.51733
239.58740
239.21645
240.18916
239.73578
234.26625
230.25580
227.02437
224.88107
226.04340
224.60492
222.73364
220.61920
218.45941
216.62524
214.88586
213.24954
211.37004
209.59358
209.30917
210.88368
217.75461
221.49713
225.49934
229.06876
231.99106
233.76752
234.64133
234.46822
232.14355
228.57826
226.51740
224.38234
223.26949
221.49713
220.11223
218.98288
218.49240
217.84114
217.72575
218.54597
217.93184
217.58972
217.11986
219.68770
227.67561
232.41559
236.88768
240.37051
242.69931
243.94406
244.26558
243.49068
240.56425
236.09630
232.90196
229.89310
227.70033
225.51993
224.03612
222.69243
221.33640
220.99016
220.50792
219.35796
220.90773
224.90579
233.26056
238.44569
242.52208
257.00998
267.98611
262.83395
261.67163
261.80765
281.11383
290.42484
289.10175
300.87341
293.63565
277.68042
276.00702
262.59903
251.34258
241.62766
239.31537
239.11340
240.23038
250.43167
279.66711
293.43781
292.55988
288.94101
293.73044
294.46823
301.56998
310.10608
307.22501
273.55869
267.77179
250.18849
244.15840
230.88231
224.56371
230.34650
221.05199
221.76503
222.78722
233.58617
254.96558
281.88046
278.77679
269.57712
269.09076
269.35867
266.34155
264.06635
256.78326
242.21295
238.10771
253.09019
262.05084
271.09390
269.09900
264.89484
249.08388
230.62263
210.37257
204.00452
200.72774
200.29083
208.69917
199.81271
189.89583
191.60635
190.86444
190.32448
194.01755
208.96295
223.58273
239.89241
259.77563
268.10565
277.22705
281.74033
284.90170
289.77359
295.46570
296.36838
293.56970
299.00217
308.12354
311.93201
308.84070
275.78857
263.53055
256.45764
233.94476
227.12741
262.29401
286.92548
282.79138
268.38181
290.68860
269.03717
267.07523
254.39265
268.90939
259.22745
285.04184
284.83163
274.58502
268.49722
264.14468
283.53329
276.01526
247.78966
267.01752
267.62341
246.52428
222.57701
218.93753
206.41985
203.62531
197.27785
193.55592
186.97351
185.57625
187.65361
197.06764
209.96454
220.91597
232.95554
256.18149
254.70178
260.71951
258.79468
246.45833
215.70198
205.69029
216.99620
232.50215
211.27112
209.27620
215.02190
215.68962
209.90683
207.21535
208.57140
211.11861
218.23685
214.40363
225.25203
259.48297
276.92618
281.47653
288.28564
294.70731
295.16483
299.45966
301.18668
299.54620
298.52817
304.25735
303.11975
297.31223
293.37598
293.03387
294.40228
298.42096
306.33060
306.76746
306.95709
303.93588
296.30652
292.57227
298.39212
303.25577
302.68286
298.73834
302.87244
293.28531
281.05612
285.44577
291.49237
289.31195
296.81763
292.96381
286.46384
282.47812
283.95370
286.00220
287.70859
273.43918
267.93253
273.27429
297.57602
298.56110
301.69775
290.18576
281.88046
302.40256
302.57980
306.06268
308.20184
307.44345
305.85657
305.51862
305.98026
306.66858
305.67520
306.48718
298.84552
296.28595
304.61594
299.56680
303.93997
300.51068
299.74405
300.46124
300.30872
298.97330
296.64865
295.63467
295.00406
294.64960
290.09509
290.02087
292.98441
294.67844
287.39124
281.79803
279.06534
266.73724
257.61996
245.80708
241.40919
239.68221
230.40419
229.97141
223.47144
221.99998
222.80785
224.79037
223.03865
223.39726
234.57124
236.23232
236.66922
226.08873
216.74889
221.01076
222.70892
220.30595
231.44698
258.05276
272.12433
255.53851
224.48538
223.51265
223.51265
217.11986
215.60306
213.77711
212.13257
211.00319
210.50449
208.98357
207.78413
205.82632
211.11861
224.40295
234.63309
220.45435
223.42609
232.15591
242.84769
254.35556
275.54538
276.02762
277.94009
269.38339
273.37735
292.25076
303.30933
301.16605
302.79413
302.58804
305.16827
290.54437
292.81543
294.10138
286.53802
268.46423
264.28070
229.69113
223.16643
239.67397
221.13029
220.92419
216.60875
216.76952
215.73906
217.65979
227.45302
251.78362
263.73660
287.25110
259.51184
225.02945
206.39511
206.33740
213.64525
219.19720
244.58293
258.64627
249.73921
275.93695
288.15375
296.31067
304.53351
306.80869
313.12732
317.81372
317.28613
328.11392
330.35202
315.95068
306.70978
305.02399
306.12860
302.96725
311.60226
293.96124
287.69211
290.95654
287.71274
284.86047
283.27774
288.59888
279.67535
278.99939
278.58722
281.11795
277.23941
281.00256
283.71878
288.43402
291.24506
292.32083
297.78210
319.63138
328.12628
324.82889
317.22018
321.97665
313.52298
309.73102
321.74582
331.83997
340.08344
344.63382
341.69504
330.69827
330.05524
326.51883
328.08920
330.59521
324.16940
286.67819
311.45801
316.40820
327.70999
327.68115
324.65167
318.89774
319.00903
319.23984
322.51251
316.40408
321.57275
316.38760
313.49826
328.81876
332.75500
334.09869
333.67413
330.74359
333.48456
336.39862
336.46454
334.66748
338.78922
344.08148
340.31424
335.31046
334.25119
313.50241
319.42944
318.71640
323.33270
317.79721
320.56705
319.00488
317.58701
319.44592
320.20432
319.19452
318.06100
316.16089
320.40628
318.85654
320.94626
320.98334
319.85397
317.26965
319.78387
319.40060
325.38943
326.91452
328.08093
326.56418
331.24234
334.97659
330.72299
325.35236
326.10251
326.33746
323.52643
311.81659
319.85397
322.70209
324.30133
325.15451
323.46872
322.26108
321.17291
318.89774
321.43262
322.54135
326.08191
327.26895
325.15039
337.54858
333.23312
336.48926
338.48419
347.59323
344.59259
334.41605
331.61740
327.78830
330.40973
318.03629
330.07587
324.56097
327.09998
328.00677
323.95920
327.61108
325.66150
324.00455
322.94528
324.90723
325.91705
325.95001
328.04385
320.67834
324.02103
324.91547
321.00394
321.12759
320.15073
324.50330
319.21512
299.33188
294.35284
307.64951
294.66196
296.41367
302.24179
284.18451
265.51309
261.13580
259.68909
241.77191
236.06334
234.17557
232.17653
234.40639
238.87434
242.20882
246.30995
251.37143
251.52393
251.70116
252.18753
251.37967
250.44405
248.12350
248.75824
247.69073
254.07117
257.50046
258.90594
263.07715
275.11673
275.28983
268.10565
265.13388
272.76321
278.23276
272.25211
301.47104
311.04584
306.05032
295.70889
316.56070
330.80542
331.36597
332.75085
330.80127
330.24896
330.26959
330.15005
329.82855
330.65292
329.74200
330.02228
330.98264
332.47473
331.94302
333.58347
332.86215
333.89258
333.57520
330.94144
319.97351
320.43100
321.21002
319.83749
318.52264
316.22684
313.69199
311.74652
308.70468
304.18317
291.53357
291.81796
286.89249
287.04501
287.85696
272.07898
277.11987
266.56412
262.59079
253.95163
247.99573
249.64854
257.39328
261.94366
290.12393
274.16870
268.70743
278.20389
290.06622
298.35089
297.74500
295.68414
290.74219
268.65384
269.20203
269.79556
284.04849
267.12054
252.83876
238.24371
238.54048
234.38579
238.61467
239.75227
240.44885
227.57669
229.69113
233.68097
238.82077
248.53568
258.48965
269.96045
266.93097
272.59833
264.56921
266.66306
269.27621
272.09961
275.97815
270.67349
272.42111
283.22415
286.48444
302.47263
294.50943
285.31799
280.87888
287.94354
292.74536
296.99899
294.57953
280.88303
289.14297
303.74213
322.52899
311.53632
319.00488
304.91684
314.55344
343.40967
317.77249
284.66263
289.02344
294.94635
272.23563
269.45758
274.11514
282.25143
280.47086
282.83673
277.36719
279.37857
275.33105
272.80441
266.31271
260.56290
267.29779
271.28351
276.60464
283.13760
295.23489
297.06494
306.18219
300.17685
302.26242
306.92001
310.83148
310.28745
289.40674
285.85794
286.62872
294.39407
295.44919
302.15936
329.07840
334.44077
337.99371
331.16812
331.53082
335.73087
334.61801
333.11359
332.40466
331.82349
332.36752
333.45978
335.54541
337.79587
337.85358
337.93188
334.10690
332.58188
297.89340
298.48282
292.05292
271.35358
288.84207
289.36142
288.52060
308.67996
320.38568
323.39041
325.81812
320.50522
328.91354
338.59549
340.33072
338.34406
343.29013
340.40494
344.30408
343.83008
345.10782
344.74512
340.23593
336.93442
310.83563
297.43176
286.09698
284.31644
294.27451
286.48444
292.22192
291.20795
283.94135
288.47937
281.36526
300.97232
308.40793
329.81207
321.15646
320.51758
321.95193
323.59241
311.28076
316.97702
320.73190
316.42468
286.19592
278.85101
278.24924
266.32092
268.71155
268.95886
281.07263
279.30850
295.44098
296.06332
304.54587
315.24176
327.30194
321.90659
344.30820
323.23380
311.53220
329.99756
338.60785
345.86209
346.69470
346.04758
345.39221
345.61066
346.03522
346.98734
349.68704
349.83133
348.94513
351.03900
352.14362
353.00504
351.48413
342.78317
311.34674
285.82495
286.19592
299.03101
297.85629
295.70062
317.56229
322.63614
332.22330
342.53586
352.87729
352.64645
348.82562
352.11890
351.53357
349.43564
331.18463
329.58539
335.54541
336.53049
348.26093
351.01837
349.18832
333.10535
322.74744
317.63235
323.80261
348.28564
333.12180
346.90491
353.62329
359.38962
356.17465
346.71942
347.93118
327.27310
316.98523
314.89142
302.82712
312.88000
345.95279
343.57040
338.38937
334.05746
324.03754
324.73410
326.38278
324.00455
313.52713
315.29944
307.48056
302.79001
301.48343
313.86096
327.30194
326.76611
321.75824
308.20596
304.44693
308.53983
309.00146
295.37091
281.17566
267.14529
245.20531
238.54460
235.46155
231.99518
228.45462
227.16039
226.25362
220.40486
216.95499
217.21053
219.30849
222.25140
252.56261
274.53555
291.38516
296.73932
294.09317
292.90610
291.36044
271.39893
268.79810
283.01807
290.34650
299.52148
292.74124
292.11887
284.19275
287.25934
276.74478
247.27443
244.39746
231.86328
222.41216
223.05103
224.95938
229.15942
243.28871
250.03600
288.17435
303.41238
288.12079
260.96268
263.65005
256.47412
255.64980
271.82758
284.08972
271.27115
270.49625
257.47159
247.76080
239.49672
231.96220
229.83127
227.13153
228.78847
228.78847
227.68385
230.58554
236.18285
258.46906
249.92882
276.96738
290.40009
293.39661
300.34171
283.55389
285.60654
270.95789
260.40628
248.39966
247.18788
247.66599
262.41766
279.13953
276.33261
256.35461
256.89456
238.27670
230.47426
229.54274
230.72156
235.38736
243.57312
245.68758
261.02866
273.07645
262.44238
273.67822
277.11987
275.24451
274.47784
279.19312
275.45056
276.65823
281.50128
290.68036
290.50726
269.83676
269.99753
265.99533
261.04102
252.93770
251.36731
251.83719
254.38441
248.43675
253.37871
262.77625
270.63226
273.71121
279.27142
273.42682
294.11377
307.64951
304.13367
292.46506
301.73895
294.13437
293.48315
296.94952
282.54407
275.80505
272.09549
281.29932
270.94965
274.48196
287.70038
288.65250
285.15314
296.98251
303.58551
293.24411
312.37302
310.35751
317.94150
312.33594
295.29669
308.69232
315.31595
317.72714
303.70090
301.72250
298.27261
312.07629
289.24188
285.08719
286.56277
268.51782
262.52072
265.57080
270.42618
271.93884
273.12180
258.93893
262.03021
255.15517
270.29843
276.11005
282.73367
292.16422
273.42682
275.05902
259.14914
273.59167
253.32513
255.67865
244.37686
234.31160
233.94063
234.37341
234.69492
230.04559
228.08365
226.56274
225.25203
224.86046
225.91562
228.07542
231.87564
240.05728
241.17839
278.35226
278.64493
280.66046
291.87155
299.54620
299.38544
308.82010
302.21298
286.01044
269.72961
243.13622
244.58707
245.93074
254.83368
256.04547
257.65707
261.51913
265.68210
278.92520
291.46350
289.01108
294.77325
261.44492
268.80637
278.75620
314.31848
329.88626
331.80289
327.85425
327.58636
320.57529
299.05988
283.51682
285.67661
263.45221
262.28577
260.37741
259.85397
259.17798
260.28674
259.09967
264.90308
257.71890
264.00452
265.88403
269.46994
269.69250
275.83801
284.66263
293.25232
333.53400
343.38080
344.93469
338.06790
321.49442
314.69766
300.56015
288.85855
277.21881
281.07263
273.20834
298.73834
306.12860
307.59595
307.56708
294.85980
286.61221
292.87726
312.07629
310.83148
299.15051
302.20059
317.72305
317.50046
319.25632
319.02963
321.97253
340.83359
344.02792
329.28860
334.11926
343.77649
347.36240
319.14090
311.94025
304.11722
319.14502
317.31909
318.30008
320.32797
303.66382
293.93243
287.23459
272.75497
269.18967
263.09775
272.33865
281.69913
292.06116
288.72256
284.86459
297.88104
292.99677
285.26855
269.41635
269.05365
269.11136
254.75537
245.91426
241.20312
239.76463
238.77130
238.21074
237.36580
236.54968
236.05920
238.08296
247.67424
268.16336
281.46829
297.18857
308.93552
305.61752
305.67935
309.78046
310.07312
313.66727
305.62576
300.40765
306.49133
303.10327
302.64987
305.72882
304.90857
295.35855
286.73999
298.77545
302.93015
307.30328
307.57535
309.40540
310.70786
312.73163
306.82108
307.87622
302.56332
290.74219
298.19019
291.42230
295.65118
296.47964
299.89243
291.44287
280.07928
265.87991
261.47379
260.77310
261.28418
261.79941
265.77689
273.40619
290.04150
306.61496
313.84448
324.94431
340.32251
317.17487
317.69006
314.35971
318.30008
330.10474
331.16812
342.68011
349.66647
356.52090
353.69336
365.71237
362.92606
365.68759
364.97043
340.60278
310.91806
325.66971
329.20206
314.75537
305.92664
280.58624
276.55521
283.75586
318.86890
338.00195
340.88715
327.87073
307.36099
311.56519
314.26904
291.24918
292.78656
293.21524
297.75739
299.03925
294.99582
274.77463
275.20328
275.61545
268.69095
266.30856
265.19571
266.59711
271.62149
274.18109
275.52890
277.39191
277.98544
278.10910
289.32431
300.75388
295.51926
312.48843
304.78494
304.36038
288.00125
290.68860
296.05096
285.54056
288.78436
278.04727
272.83328
281.36526
289.09763
303.10739
296.52496
296.40546
292.42386
290.91119
297.36578
297.96347
287.44070
276.39032
284.59256
303.37531
304.32742
325.36887
320.19196
334.29654
326.84854
318.67105
309.98242
306.22754
305.95547
304.72308
283.55801
289.57986
275.02603
298.47867
285.14487
287.12332
288.57828
286.79770
282.03299
283.10876
278.31519
273.86783
285.02124
289.57574
294.13025
303.42474
316.47415
325.70685
296.87122
299.27417
301.87500
294.68671
280.16995
283.37253
278.11322
283.26538
292.13943
310.68314
322.21985
332.63132
338.05142
338.72327
338.01022
337.49908
341.67029
343.86719
342.07010
347.84467
346.64520
342.17725
333.07236
317.99506
300.29636
310.95105
319.24808
314.23605
324.49503
299.81412
309.98657
295.49454
283.61160
291.76437
300.60550
293.22760
287.88583
285.95685
293.11633
285.90741
276.68710
283.22415
302.40671
329.08667
328.27466
336.10596
331.42368
341.90933
347.88586
329.80795
310.86862
296.60742
294.19623
297.73679
313.75381
314.57816
291.93338
263.98804
259.49948
265.79337
268.46011
266.13135
263.78607
280.28125
304.56235
328.72806
303.00021
313.85275
318.19290
315.88062
297.67084
295.61819
289.53455
327.38025
312.81406
299.25766
300.85690
306.66446
294.88864
292.74124
282.67184
262.22806
265.25342
252.19165
245.56804
251.63109
257.43860
258.90182
260.02707
251.89076
256.45352
285.63538
292.34964
289.83954
299.50909
288.26913
283.94958
300.35406
296.23645
266.36215
259.87454
262.93701
261.89420
260.07239
258.03625
253.54771
243.78334
245.56390
243.99765
246.45009
245.77824
243.18155
249.58672
263.94681
261.87772
267.31430
272.52826
291.85507
301.13309
311.30139
324.06638
312.25351
319.02139
315.61685
310.21326
273.74829
274.81583
273.14651
268.46835
260.70715
252.42247
245.32898
245.30836
252.63268
253.18086
247.57944
251.98969
250.04424
251.57341
253.00777
254.82132
266.02005
270.00165
277.82883
280.96545
254.48334
274.55615
294.92987
299.29065
259.40469
273.19186
270.88370
277.99368
279.82785
284.75333
264.70111
274.93124
275.05902
267.59457
267.76355
310.18851
270.38910
299.35660
303.67206
317.87143
308.32962
317.04294
317.87143
300.31699
296.35602
293.34302
281.46829
276.22134
260.29086
269.90683
275.86273
281.06848
282.69659
282.88617
290.14865
296.29004
299.45554
303.63910
302.69107
304.41809
302.62927
293.54495
311.02112
323.29971
320.25378
319.19037
311.47037
319.06674
313.79916
314.49161
308.36261
298.72598
294.95050
285.38806
278.03488
297.17209
292.36206
269.32980
278.24512
268.17984
283.26126
293.71396
294.32809
289.07291
284.14331
294.21271
325.95001
323.22144
328.41071
327.34317
329.79559
329.70901
331.98422
328.27878
330.78479
336.69949
334.80347
336.25848
337.97723
336.09357
322.98648
315.76935
311.26840
294.64136
289.65405
289.71176
273.54633
273.17950
275.34341
279.92267
290.22287
310.21735
325.36472
338.45120
351.22858
350.87823
353.02151
353.11221
352.68768
356.00153
353.54913
356.34778
355.58939
355.25140
356.00565
356.80942
355.14011
351.10907
349.29962
344.91409
343.66522
347.48193
349.29138
343.50034
356.84650
356.06335
340.26480
342.29266
334.37897
335.17859
316.80801
317.42215
317.29025
285.35507
286.97083
290.17752
304.13367
290.32590
278.12146
273.92142
266.36627
277.71753
291.80148
309.17044
322.75980
334.09454
326.63425
340.59863
333.88022
339.49402
324.49918
334.93124
319.14502
303.22690
301.11661
300.91876
291.04721
290.16516
276.75717
278.67789
276.07709
262.07556
261.71698
264.38785
263.42337
259.39230
262.39294
267.30191
269.08664
284.62143
298.17783
302.95078
299.38135
305.18063
308.12762
300.63022
298.89496
300.35818
305.73291
306.09152
302.22943
283.39313
275.87924
272.28098
269.72549
267.31015
264.58981
264.22299
263.05652
262.04669
262.41354
264.79590
269.06601
275.05902
283.11700
286.80594
291.51294
293.65625
298.14484
315.47672
339.65475
339.91855
344.65854
330.60757
339.62180
345.10782
354.34048
354.05197
355.37091
355.66357
358.69305
357.73267
358.69305
362.29956
363.11566
364.59534
360.48596
355.45337
364.13785
353.96127
366.78400
368.48215
370.01956
374.07944
377.51697
379.79630
379.15329
379.19452
379.95706
380.48874
373.01605
366.67270
363.57730
359.73996
346.77713
339.34152
321.92310
324.67639
330.20364
329.84915
329.84094
333.86786
362.33664
364.60361
362.89719
365.78653
380.50937
365.21362
366.47900
375.68695
368.61401
371.47043
361.38040
364.98279
353.52026
355.51932
336.40271
330.42209
335.43408
343.26129
357.52661
367.09726
371.00052
378.31247
374.21548
372.19171
360.38708
361.99454
358.33856
365.75354
371.45807
372.54617
369.50433
369.04681
365.27954
372.69455
369.79285
366.90353
361.22379
352.85666
351.12143
350.30945
343.09229
341.08499
342.26382
345.89508
354.17148
360.09442
372.29477
390.13770
399.32916
398.14624
398.71091
389.89041
360.14801
365.11057
336.23370
347.71274
341.40237
334.61801
311.56931
297.46472
290.16928
287.74158
286.03931
284.33289
282.84082
281.38586
279.94327
278.80566
279.41568
281.64966
285.38394
290.46603
296.57858
311.29312
328.18399
345.35101
349.93439
352.20953
343.67758
328.20050
341.64145
338.33578
322.31467
311.76715
307.16315
310.45642
306.52844
307.50116
312.76050
320.08478
324.13232
330.33551
328.02737
333.62469
342.74606
337.84946
324.81244
332.65195
312.65744
319.48715
329.09076
345.09546
338.50479
334.74991
334.66333
335.64020
333.89258
334.71280
305.65048
313.90631
302.94250
298.44983
293.30182
289.52216
288.99869
287.60968
288.42578
291.31924
296.19525
301.59473
323.41104
330.25723
340.43378
334.57681
345.85797
348.66486
347.98065
339.70010
344.34940
342.07010
344.01556
331.40720
319.80450
310.89746
302.22943
288.71017
284.53485
287.79105
286.48032
279.16837
275.29807
278.05139
281.13031
284.35764
293.00504
296.64865
306.20691
294.07257
303.50720
302.56332
304.80142
297.31635
302.92191
295.29669
296.45490
292.18478
289.66232
287.43655
285.95685
284.78217
285.38806
290.88644
295.17307
304.56235
285.53647
299.65338
293.04626
296.88358
300.55191
305.67111
307.24561
318.49380
319.66025
310.13080
310.75732
311.74652
311.82486
311.18597
309.58264
304.98279
297.99643
295.09476
292.38263
290.00851
288.38455
287.56845
294.90927
296.59503
302.15527
314.89551
315.90533
323.06070
320.31561
328.34885
342.80789
354.62491
353.97363
358.92386
375.66632
378.98843
369.31473
365.96375
369.44662
349.85196
347.90237
351.76028
355.19370
360.93524
355.39154
357.83572
346.73590
354.09729
343.78064
357.32050
357.29578
359.38962
353.69336
357.69147
363.03732
355.03296
353.10809
348.46292
348.64838
365.63403
364.28622
346.35669
341.40649
338.41827
330.30667
329.65131
327.77182
325.55844
325.82635
326.96396
319.90344
318.64218
318.07751
320.43100
333.97913
343.22830
352.81131
373.53125
363.91937
375.04807
360.02435
372.81821
369.59912
391.39072
377.34799
368.31317
377.51285
375.53854
366.12451
357.50186
358.69714
369.99069
373.46118
376.59372
375.02335
373.03665
361.48758
357.59668
356.53326
353.52850
362.52213
361.17432
361.63593
365.17239
360.00375
369.36835
367.67017
366.12863
371.94440
350.99777
351.97876
340.04633
339.07770
341.02728
334.86118
329.93985
335.14145
337.84946
331.81937
324.58981
331.87296
346.06406
336.89319
343.30664
351.29041
363.94824
366.93649
384.17770
390.68176
383.47287
367.97104
379.81689
371.46216
360.53958
363.04559
354.20447
359.88422
352.88553
338.96234
330.58286
332.49945
328.83521
320.54642
322.09207
323.29150
327.23599
332.67258
332.72614
367.56299
365.26718
366.71393
380.41455
371.66827
371.74243
379.45419
374.22372
383.90152
375.54681
372.12576
370.39047
368.98087
363.25168
336.56760
318.23413
308.91489
290.17752
282.82437
279.59705
278.47592
280.99017
284.14743
317.24078
355.88202
365.75354
365.77002
367.35690
363.64322
351.61191
368.52750
352.10654
342.09482
351.40582
328.20871
322.37238
329.65958
334.75815
315.95892
307.11371
304.48404
301.18253
298.70126
296.18701
294.90100
301.58237
306.33881
309.07565
315.62097
315.11398
331.55554
338.17508
340.02985
332.06668
346.24951
322.69385
328.28293
335.78445
330.22424
310.42346
306.68503
310.91397
301.19077
298.59824
297.65848
295.17307
297.98407
294.44763
294.55478
302.22534
313.80740
314.47101
320.59592
327.78830
340.66870
356.20764
367.66605
362.22949
355.79544
331.30414
338.91699
354.39407
342.18140
340.88306
316.96051
314.99857
314.75952
311.51160
300.95172
299.57092
304.05951
296.99072
294.33636
296.63629
300.42413
306.92822
315.88062
328.12628
335.61136
345.50351
354.94226
368.54395
379.18628
364.59534
342.92331
334.04099
331.69571
326.30035
334.65097
335.96994
335.96170
328.58792
333.96677
330.99500
325.55020
315.86414
309.64032
315.81055
332.81271
344.16806
363.68857
368.95203
371.55695
372.85941
394.51086
392.72617
389.64722
389.63077
383.88095
381.21008
372.41840
363.84930
384.92371
369.51669
384.68054
379.47479
371.65173
375.36133
370.31219
371.90320
368.48624
367.89688
367.90097
368.55222
364.85089
359.70285
339.18076
347.04916
344.28760
346.66583
346.64111
325.49664
316.80801
309.20343
309.19931
318.96780
304.37686
299.53796
322.50836
341.43533
359.23712
349.94675
350.81644
350.67215
355.14835
360.22632
355.86966
342.04126
351.08020
343.73114
352.04468
369.59500
366.98596
372.63684
369.18695
367.65778
363.64322
352.14362
348.92041
353.42136
337.66397
338.03494
350.77521
358.50757
360.03674
352.60110
359.31543
358.22314
358.93622
359.99139
359.76056
360.70444
359.47205
360.42828
360.17273
343.58691
353.09573
357.97174
369.47549
365.93079
370.33282
349.75299
352.14774
342.84088
343.05109
348.57007
330.06351
309.33945
298.48282
296.08395
293.47488
291.32336
290.51550
291.99930
295.86551
300.44476
304.40985
307.72372
312.67807
316.53598
320.23730
321.70462
320.86377
320.76898
327.75943
322.62378
321.52325
320.20020
310.60892
307.95041
306.13275
305.09821
302.01514
299.70285
298.58997
301.99866
301.97394
306.56964
316.36697
317.64886
327.93671
332.31808
334.54794
333.46805
339.23434
338.36057
341.90524
338.80569
339.10657
343.13763
339.07361
338.48419
331.45255
328.95889
326.52292
323.78610
321.02454
318.50620
315.77756
314.11240
314.56168
318.03629
323.51819
330.24072
341.68677
354.89282
386.67960
386.26743
388.51788
392.65198
394.69635
383.02774
377.05945
364.36865
357.01962
354.47238
342.85736
339.31268
336.19662
333.65765
331.58441
329.81619
328.45190
328.13040
330.20776
334.56445
340.94901
348.22797
358.21902
361.74722
363.90701
366.45013
368.60992
375.22119
388.59619
399.56409
398.03906
398.50482
374.20721
366.24402
359.10934
356.07159
354.65784
353.14929
351.54184
350.37125
349.36969
349.00284
350.68451
354.78561
360.89816
367.78146
377.98688
385.80167
407.92709
402.76257
403.12939
398.69855
403.92490
397.05811
395.61963
400.02985
393.47220
385.27820
367.78967
363.11566
356.96191
353.71399
351.04309
349.21304
350.36301
345.56531
349.03992
347.61795
349.90961
351.82211
354.88455
354.65784
352.08591
358.08301
352.02820
343.09229
337.69281
333.71533
328.89703
324.44968
319.44180
313.50653
304.03888
298.40039
294.85568
291.16260
289.18417
287.43655
285.89502
285.19849
285.40042
287.62616
292.11472
297.58841
302.03159
305.01572
308.07819
311.89493
313.94754
315.58386
316.62253
317.35208
316.89868
315.96304
314.56992
311.46213
303.46185
300.74976
298.33032
296.16226
293.97775
291.87979
290.68036
292.67941
292.20541
294.19623
299.25766
305.70819
310.75320
313.58484
316.63489
318.14346
320.96683
324.60223
325.28229
325.48013
335.31046
330.48807
324.68466
321.86124
316.89044
313.74554
310.53064
307.17142
304.76431
303.91937
303.71326
305.26306
305.89783
307.74435
304.83438
304.82202
300.88165
299.10516
298.86200
298.91147
299.29889
299.34424
298.87848
298.59409
302.91367
299.52972
297.22156
297.01544
292.67941
290.95654
289.38614
288.01773
286.77298
285.52820
284.52664
283.92487
284.96765
288.12079
293.31827
299.05573
304.78079
309.00146
313.09021
318.00742
320.37329
323.08951
325.48013
328.34473
342.77081
343.32309
345.65601
342.84500
328.00677
329.68842
334.84058
351.51712
364.68604
377.59940
373.38702
357.42355
347.61383
340.22766
342.53174
345.72607
349.57166
359.74405
372.85941
366.10388
367.84326
375.38605
373.08612
375.32425
373.12320
367.23740
356.32715
354.22919
337.33838
334.84473
331.70395
334.35425
330.97440
332.03369
325.49249
325.03085
325.65735
331.62152
340.25244
349.72827
354.78561
364.30685
372.42664
369.59500
376.67615
378.73700
385.65741
383.04010
383.66248
381.84067
373.20154
373.58072
361.38864
358.22314
350.87000
347.84875
344.77808
341.26221
340.45850
340.92429
344.10211
341.53427
348.68549
351.80563
363.07031
368.76242
373.98053
385.43896
389.46588
386.57654
386.61365
395.65256
388.30353
389.35870
387.03821
379.95291
379.38000
373.42822
368.58521
363.16925
368.41208
358.07065
354.56305
351.03900
351.94162
355.82431
362.62518
369.48370
377.93326
386.98050
389.07843
399.49817
403.93314
413.41312
400.58633
411.15854
401.24991
401.57965
397.61450
388.08511
379.42120
376.71323
380.57117
371.89493
367.51355
371.18188
365.88959
360.62610
356.07571
359.37726
370.04840
366.83755
378.65045
393.09299
399.71249
394.92307
398.61612
399.16431
403.36435
400.02164
391.86472
382.10443
387.17834
389.32159
384.94849
387.50394
389.88214
387.07938
376.63492
370.41937
357.68320
356.13757
347.37064
349.29962
348.91214
350.24347
353.30182
371.40445
393.99152
398.20807
396.58411
399.06952
399.46930
402.03302
395.10440
390.24075
366.73041
368.06998
337.40430
352.05292
343.59927
355.20605
349.36557
348.95340
351.35223
367.74847
362.33664
354.86395
363.94412
373.07376
372.81821
382.70624
381.02045
381.16473
380.74429
383.38220
373.50244
392.57779
376.60196
377.58292
377.50461
368.94791
355.99744
357.41940
365.59695
357.43591
359.36899
350.47018
366.15338
365.59695
353.76758
349.52219
341.06442
352.84845
362.96725
374.03824
385.60382
386.82385
385.82227
383.82324
387.05057
392.41290
392.22330
382.57846
365.87723
359.17529
375.55917
375.23355
364.76022
373.20566
370.51825
365.95554
351.41406
347.83231
351.64487
347.70862
361.05478
354.72382
370.27924
380.50937
377.95798
390.10062
389.31750
390.21603
391.53500
399.32916
404.60086
389.84506
397.01279
387.87903
381.94785
376.45770
381.37903
385.66153
380.68246
381.28424
384.13235
392.09964
383.71603
384.41675
389.02896
389.41229
405.80029
378.14761
385.63266
365.35788
359.69461
369.24878
375.59625
371.11182
359.38135
356.12930
359.30307
355.33383
339.04477
327.96143
320.83084
319.50360
320.04770
313.46527
315.61270
326.02832
324.52390
322.45480
336.78604
338.03903
337.23944
347.52725
354.85983
368.56458
356.34366
357.69968
362.26245
353.02151
354.24158
347.56848
334.20584
332.99405
334.40781
318.51440
313.18091
315.96719
311.48276
309.71451
318.82355
319.67673
316.38348
325.59964
336.77780
350.50317
355.66357
357.13913
361.32681
371.67648
366.60678
368.64288
367.87625
365.61340
365.50626
367.40225
362.19238
363.62674
352.73715
348.97400
347.64682
327.17828
325.24930
321.11111
315.30771
313.04077
312.15872
311.32611
313.88568
330.44681
354.87219
339.30441
346.88840
350.99365
349.00284
354.60016
347.68390
368.29666
366.96948
358.12836
357.05258
348.85858
338.63669
317.73950
308.63461
302.64163
303.47009
300.04907
300.38290
297.74500
298.60233
301.17432
305.46915
309.87527
322.79688
338.73972
340.42966
340.03809
345.89508
347.75397
357.33698
343.88364
346.55453
353.32242
352.95972
344.33704
330.59930
335.07553
333.75244
329.75436
327.98615
324.00043
332.70139
324.81653
333.38971
329.29688
320.52170
337.37131
322.35999
330.59106
330.68588
337.49088
349.21304
366.54080
367.88452
366.33887
362.42734
357.27518
358.05005
352.93909
340.35959
332.10788
335.93698
346.20007
325.83047
326.10251
319.31403
318.17230
324.78766
313.27982
322.31052
331.01562
343.62811
347.41599
363.40829
349.71591
360.56018
376.59372
348.45465
338.01431
339.07770
349.22131
337.36310
340.86243
326.62598
325.88406
318.37427
313.15204
315.39426
311.11179
308.35022
307.62070
305.30841
301.66479
301.47104
312.97479
320.03534
325.19574
332.69315
338.24924
350.73810
341.13858
340.73056
337.62686
358.80429
342.75430
325.99948
336.83139
324.65988
313.26746
312.71515
308.25540
303.38354
304.05539
300.28812
301.09598
306.28110
315.76520
350.90707
363.92349
369.02621
374.47101
373.36230
381.49033
370.87274
366.62326
364.50879
374.17422
372.74402
349.73239
350.65979
337.20233
332.76321
348.94928
361.55350
368.41617
377.04709
374.38034
379.05029
380.44754
377.47986
383.38632
382.84637
382.77219
373.31696
365.76181
362.24185
354.81860
352.53931
353.93243
355.13599
358.06244
360.46951
350.14044
364.47992
349.15125
343.96613
354.54657
343.43851
338.06378
327.18240
322.66913
318.98840
324.44559
326.53940
327.35553
329.25153
331.96362
344.41534
343.15408
353.38837
370.09784
368.23895
375.83945
362.02341
371.56522
364.57062
373.86514
357.43591
344.32883
334.82822
330.36029
328.17575
325.90054
323.42340
322.82162
321.61395
323.62125
321.77469
328.03973
332.26038
340.98608
346.27014
371.40857
372.58325
367.83090
374.89969
375.63745
368.57693
368.72534
367.88861
374.81726
359.54211
357.41119
346.99554
343.42203
341.45184
341.43948
338.22043
334.84473
331.49783
330.65292
331.19284
330.69827
338.39764
343.48798
351.64487
358.19843
369.65271
378.51855
386.65485
402.53174
387.93256
383.51822
381.27600
372.72754
359.27420
355.45337
345.97336
346.88428
350.06625
340.87894
338.90048
338.49243
340.14938
342.42044
347.67154
347.62619
352.01169
364.44284
367.14258
373.04904
380.42691
391.25473
378.41553
378.39078
385.83875
380.22083
368.43268
375.25827
371.43744
369.84647
359.40610
361.35156
350.03738
351.24506
354.78561
344.33292
349.62112
351.53772
350.69687
351.84683
352.46512
366.34708
389.58542
379.53250
378.30423
382.94528
390.68591
395.86279
395.26926
393.50104
393.29495
393.52576
396.45221
392.12439
371.14066
374.79663
376.62668
364.26562
368.98911
364.33157
357.36996
353.02567
353.75522
354.34875
359.11346
366.04208
380.84320
381.32959
386.42404
391.01562
397.69284
402.04126
403.14178
405.64368
392.38818
394.07809
395.21155
388.63739
377.26141
366.48721
368.03702
371.81250
364.94571
368.89432
373.12732
364.45111
366.83347
366.60263
373.20154
373.73322
377.36035
387.03821
393.38562
390.47571
386.72903
397.66400
396.78607
394.95599
391.22583
377.84259
379.52426
383.20911
370.89749
368.36261
362.55096
361.51642
351.73141
340.17822
340.73056
334.84058
326.57654
313.57248
315.39426
316.27219
341.71564
348.06308
356.52090
389.97284
391.52261
387.91611
384.77945
380.49286
372.88004
363.04971
355.44925
341.07263
332.44174
330.35202
323.27090
312.22464
308.02048
298.61469
293.08334
289.77771
289.14709
291.33987
296.35187
302.17172
314.89966
328.78577
340.04633
355.32559
356.29007
361.22379
362.17178
370.57596
339.09006
342.53174
330.64056
326.83206
313.93103
316.20212
314.84195
322.85870
316.57718
319.09970
314.67294
329.75848
336.54285
336.44806
338.85513
346.12177
344.17218
339.01178
338.77686
345.82501
385.92944
380.81848
387.98618
386.33749
376.32581
363.24753
355.83667
343.62399
329.42053
316.43295
311.68881
318.36603
305.49799
309.93707
312.77286
315.88062
323.46048
324.09933
327.54922
331.13928
350.37952
360.12326
368.64288
380.13840
391.76581
379.02139
373.13559
362.84775
350.63095
344.27933
341.39413
329.24326
327.74295
324.88660
319.82513
315.58386
314.36383
313.74969
315.97955
314.02997
310.25858
310.84390
314.77600
321.26361
330.43445
336.29141
341.73212
357.50598
362.23361
350.64331
345.54059
359.17941
345.24796
341.81454
344.11447
346.52979
337.40845
337.51559
341.82690
342.88623
348.92456
348.25681
345.04187
351.50473
347.88586
366.99420
364.65305
371.62701
370.17206
373.07788
369.68155
367.50528
375.77762
375.76111
391.65451
389.08258
395.12091
374.66473
370.42346
355.97272
354.15091
349.77774
346.34848
335.07965
331.82349
327.28958
324.34668
322.38058
322.31467
324.56097
332.12024
337.55267
345.43344
355.17310
381.37079
383.15140
411.22034
412.58057
407.09863
408.94516
409.67883
387.08765
380.09305
381.59750
382.25284
381.35843
371.57758
374.21136
367.63718
369.40952
371.80426
368.06583
366.32651
369.98245
368.56046
372.89240
358.17783
361.96982
370.33282
375.20883
374.39270
374.24844
371.22723
385.91708
381.86951
378.52679
373.15207
365.58044
362.86835
358.73013
354.78152
356.45084
350.74637
348.81735
348.90805
347.42422
349.85605
347.62619
353.81293
357.90167
380.71545
384.47034
389.69672
389.31750
398.08441
393.03528
397.92776
397.56506
397.56921
393.68652
386.01187
380.23734
374.06708
372.45547
357.68320
363.09915
356.34366
356.15405
353.62744
350.48257
354.32401
351.05548
355.84903
360.80750
369.81348
380.33212
379.52841
382.88760
384.37555
388.99600
392.74677
391.44019
395.33112
387.06293
381.66345
379.47479
381.98492
384.99377
382.68976
379.55313
380.34033
382.82578
385.05563
382.06735
380.30740
381.59335
383.50174
389.47409
386.27567
393.48041
392.42941
394.80765
397.44144
397.98962
392.51184
389.77914
374.56992
368.17303
356.76407
356.78055
350.72986
345.89920
348.20322
352.59290
358.16547
357.48947
366.54492
372.70279
373.52301
373.08612
377.04709
389.25153
390.90024
387.66882
386.58478
396.13483
396.70361
390.97855
386.54358
380.09720
382.72272
392.23978
385.41422
375.08514
335.28986
339.60117
323.82733
336.18842
333.50513
331.04861
337.06631
341.13858
332.77560
327.68115
333.90906
337.33838
351.04721
381.71701
378.32483
374.27728
378.25476
370.93045
368.68408
372.85117
373.19739
377.89206
372.30298
358.42102
322.76807
318.37842
315.81470
312.65744
311.22305
310.65015
307.44345
304.95807
303.38354
303.36292
306.55316
310.58008
320.29913
324.14468
327.85425
328.40244
335.01367
345.98572
335.78033
345.40045
339.26733
330.27783
325.66971
320.58350
319.84158
316.98523
314.59052
312.50906
310.62543
308.95203
307.39398
306.22754
306.26462
310.22150
314.60703
321.07401
326.89389
330.48807
333.45978
335.76385
339.15604
339.39511
340.48322
339.13132
337.74640
335.76797
331.83173
327.97379
326.51468
323.58826
321.79117
320.53406
319.90756
318.86890
318.27536
316.89868
316.41647
320.11777
324.69702
329.17734
335.50006
344.38239
351.54184
353.25647
358.29324
363.15274
356.78879
359.51740
352.46924
352.98444
350.91122
345.10782
332.73438
331.14340
328.14691
331.67096
320.29086
319.61493
318.53091
315.93420
316.19800
316.96875
321.77060
327.31430
343.19943
348.82150
357.61725
359.90897
371.40857
377.25320
380.40219
380.51346
379.77570
364.82205
361.40515
356.33130
349.41913
354.37756
348.59894
345.12018
345.29330
342.46991
341.01083
342.48227
342.49466
340.40903
335.80920
338.37701
349.94260
355.79959
352.74951
356.56207
362.32016
365.90195
367.49292
367.39813
369.07568
363.97299
360.52310
362.34076
348.87921
343.90427
339.16013
334.33774
332.90338
329.16910
327.52451
326.13135
324.91547
324.56097
327.16592
331.57617
341.44360
347.22638
352.97208
356.92484
364.68192
367.66190
368.67999
363.60614
359.52563
356.47964
352.74951
348.61130
341.12622
336.53049
333.50104
331.15164
328.91766
328.62912
329.35867
329.45761
331.18875
330.82190
334.59738
339.11896
356.16229
353.66043
358.97742
358.92386
358.50345
358.35095
357.81097
358.46222
359.93781
359.97903
358.51993
355.93973
351.76855
346.24951
345.86209
344.27112
341.76511
344.12683
343.84244
340.70993
338.25751
336.72421
342.09897
340.85831
354.01486
353.10809
352.65060
355.94385
356.60742
355.56467
353.05038
351.56244
356.56622
360.52722
363.62674
363.18161
339.51874
339.61356
338.31931
343.96198
347.81168
354.91339
359.55862
357.68320
349.15125
333.61642
338.97055
346.06406
365.08585
369.51669
370.99640
366.26465
365.01990
367.57535
377.26965
376.17331
397.73407
405.95279
403.75180
392.17386
369.44662
344.86874
345.83322
333.98740
328.41071
322.39294
319.58609
312.88412
309.24466
308.06583
317.78073
330.48392
346.20834
361.42572
374.23608
365.06525
372.45547
373.77032
376.01666
376.34637
374.87082
370.51004
356.73935
342.58533
350.88235
346.51743
341.10562
340.53680
336.96741
336.63766
332.96521
325.41830
319.91165
322.96588
324.86600
335.31458
338.66965
342.50702
348.06723
356.73935
372.11340
384.88663
381.10703
376.09088
382.84637
371.38385
357.58017
359.59982
351.88806
341.43948
334.17285
322.19925
318.69989
336.32028
349.93848
351.88391
356.74347
359.92953
353.87473
353.61508
358.29324
357.36996
357.05258
364.62006
375.64569
386.32922
382.17450
386.38693
383.31210
374.73480
367.27036
364.46756
354.07257
352.88965
352.96381
351.30276
355.47809
351.00601
343.83420
337.28476
327.71823
329.96457
336.29141
340.43378
360.55194
362.54276
365.39911
370.52240
376.98114
388.16754
386.22208
400.93668
396.30383
389.49884
374.07535
379.91583
355.06592
350.03738
347.90237
342.15253
339.58057
335.61548
332.70139
328.91766
328.48486
323.89740
325.29053
332.50357
339.15604
345.70959
351.66962
354.31577
354.54657
355.07004
356.31479
356.39722
355.31323
352.41977
347.94766
344.83990
338.58313
336.68298
336.44806
333.27844
332.55301
332.91986
330.46744
331.88943
331.79874
330.87958
334.17285
341.22513
350.54437
359.01865
364.62421
377.30676
379.59433
381.23480
380.59180
375.99194
374.25671
370.19269
357.56369
357.22983
346.64520
341.71976
341.83926
337.94424
334.42432
333.04764
331.43192
333.31555
332.04605
330.48807
335.98230
340.35959
353.68927
355.76251
366.74692
367.37341
379.30579
386.40344
385.05563
380.90918
380.47226
375.16348
376.24338
370.14319
340.18646
346.85132
344.00732
338.81805
335.94522
329.60596
328.77341
325.61200
326.64661
326.36633
328.38599
337.21469
345.24380
358.33444
367.26212
373.83627
392.65198
389.69257
386.56006
384.87842
382.94940
376.17331
373.99292
366.31824
361.31445
366.86642
360.76215
357.84808
354.29929
352.39502
351.09256
349.50571
359.38550
360.42828
355.14011
346.01459
344.97589
347.37064
356.30243
364.40576
368.19360
374.16602
377.82199
375.80646
385.29883
396.60059
389.04544
357.60904
361.14960
354.67435
360.05731
357.84396
356.76819
358.29736
347.94766
336.86435
345.77142
338.05142
345.16965
352.57227
352.31259
353.38837
365.08585
375.40253
385.07626
378.92249
382.89584
380.95862
397.58157
381.21417
377.46750
373.66315
354.62076
353.10809
345.20261
348.41757
351.22858
359.10107
347.29233
354.48062
358.01294
348.92041
350.04565
350.80402
352.74539
351.34399
360.46951
364.24500
369.45078
372.01862
373.43646
376.84924
379.73035
376.35464
377.43042
380.91739
373.71674
365.85660
372.35657
357.77802
345.51999
346.50098
344.12271
342.42459
332.07077
337.37131
338.03494
343.46323
371.33438
380.26617
383.47287
378.40729
381.64285
378.75351
372.47610
363.70917
370.90161
364.80554
359.21649
337.71756
328.79813
301.76370
289.39026
298.35089
288.13727
280.84592
278.17917
276.22134
280.51617
288.53296
309.49606
294.93399
301.36389
304.52115
316.11969
316.26395
318.40314
300.26340
313.03250
301.01355
309.61560
297.41113
287.02026
291.31924
287.49426
276.10181
268.71979
273.72769
268.43539
277.49084
273.87195
286.07639
309.46310
306.53665
309.06738
296.13754
299.16702
290.99774
292.70001
320.67419
318.86475
308.84070
309.33945
315.96719
316.63077
296.73108
306.11624
300.32935
288.59067
297.60898
270.87134
266.16843
264.77118
263.13074
262.07556
261.08221
260.18781
260.21667
262.50009
266.24265
283.51266
292.14771
292.89374
298.51166
317.32736
341.08914
330.69827
337.33423
329.43289
311.36319
312.78522
310.72021
311.48688
299.79352
288.42166
290.93591
287.37473
296.35187
284.73270
277.94836
277.60626
268.79398
259.31812
264.46616
264.56921
266.80731
288.30624
303.39178
325.08856
318.91833
317.76013
319.40060
300.32935
294.08493
278.25336
266.70428
273.01465
270.21597
286.90076
270.85898
270.82187
263.70776
262.49597
264.87012
266.93509
278.92932
273.80600
289.31195
298.54053
321.46970
307.07660
321.56448
325.56256
321.89838
332.88278
329.00421
311.47452
296.05096
307.85150
310.57596
303.75861
296.33951
304.15018
286.52567
286.08463
283.19119
285.40454
294.27451
305.86896
300.11090
303.64319
308.61401
304.78906
319.54895
332.31808
341.15097
344.50192
341.30756
346.15472
344.45245
344.14746
336.94681
336.24612
329.10312
323.38629
317.85492
319.81274
328.41479
334.09042
332.07489
326.51056
314.42154
318.41135
302.79413
294.50122
298.74246
302.84360
326.14374
337.40845
342.04538
343.36432
344.12271
343.97021
342.77902
340.75528
340.51208
312.40189
314.56168
323.91800
312.82230
323.18433
306.01318
314.75128
316.37933
311.58167
324.32193
318.48557
330.18716
330.33142
322.21985
334.32126
334.12341
316.86572
331.50198
337.65985
329.36694
305.42792
304.43457
291.87567
296.01389
281.59195
283.87128
286.55450
272.52002
268.15924
270.45505
264.65988
275.64432
280.27713
276.81076
274.16461
261.09872
250.39870
251.75887
256.70084
277.40427
331.82349
335.20743
333.32379
327.60281
330.61993
330.90848
333.48865
329.63483
332.80444
321.16055
260.58350
260.35266
261.05338
262.82983
260.55878
268.56729
260.60822
271.64209
272.79617
279.20135
287.41595
274.91476
266.04480
272.03366
273.74005
315.66629
303.24341
292.34143
285.13251
286.73999
280.75113
275.14969
273.96265
270.12531
268.17984
266.87326
265.70270
264.56921
263.46048
262.52072
261.58920
260.62061
260.13834
262.24045
269.15671
274.37482
281.36526
286.07227
294.25394
302.20471
308.80362
310.59656
316.06198
322.58258
323.99219
320.47223
314.75537
318.68341
329.98932
326.50232
328.39835
327.71411
329.91101
333.71948
333.36499
331.92651
330.52515
329.11963
327.16180
327.33902
309.78873
310.34927
305.24243
303.31760
315.30771
324.02927
330.54572
344.44833
338.23688
343.57452
351.52536
351.85507
345.38809
342.96039
340.97784
338.46356
326.38278
326.19733
328.45190
314.17010
288.47937
288.36395
288.00949
293.78815
326.06543
334.12341
330.23660
338.43063
349.89725
354.76917
353.54086
353.82114
352.30435
348.75555
344.13919
348.94513
350.55264
350.69687
351.43878
352.60938
354.00662
355.10712
356.24063
357.31638
358.84964
360.04495
361.42163
360.50659
358.48285
359.62454
362.60867
363.68036
363.48660
365.93079
366.12039
365.06934
358.12836
359.65753
356.80942
361.35156
362.44382
361.75961
359.64514
364.62833
353.70987
345.55295
346.34021
347.09033
348.37634
351.94162
348.19086
354.98346
361.05893
361.29385
362.63339
362.78589
360.06970
359.63690
362.91367
355.50696
353.45020
348.99463
343.35196
344.13507
333.76483
335.08789
333.39386
311.34674
315.76935
321.91074
306.84579
312.92120
316.41232
338.72327
346.56277
350.95242
332.04605
336.46869
341.65793
348.79678
341.99179
353.90771
353.99426
359.04340
356.78470
363.27228
362.51389
372.78525
367.76910
339.05713
315.74048
295.91498
281.48065
274.83231
272.02954
269.29269
267.01752
265.89230
266.64658
269.14432
277.23117
279.93503
285.88681
303.30524
298.81253
308.55630
311.84546
306.41711
309.82166
296.83411
296.84650
291.83444
278.85925
278.94168
277.71753
283.10049
302.97134
301.46280
279.86496
273.01053
272.87039
278.21625
283.60748
301.61533
309.85880
318.25061
330.05939
347.10275
365.26718
370.12259
367.10135
367.26212
367.45996
368.33374
368.82425
369.66098
370.26276
370.98404
372.70691
375.77762
380.30325
385.65741
393.02704
386.38693
364.76846
343.25302
356.96603
360.27167
356.27359
351.36871
348.38049
348.70193
345.84973
350.24759
350.49078
350.93179
352.01584
354.52185
343.90015
348.51236
348.78442
351.85919
346.38556
342.63065
332.84979
335.59485
332.19855
346.80185
349.76947
349.55106
352.23016
327.52451
352.60110
342.09070
352.26724
361.04654
353.61093
359.20413
337.84122
337.51144
318.62570
310.35751
314.88730
322.97412
287.33765
283.08401
287.68799
290.91531
291.79736
292.84015
296.37247
294.83093
295.85312
293.88297
296.58679
306.02145
328.23758
330.42621
332.11612
331.18463
338.08850
344.78220
344.83167
341.92996
341.31171
336.57584
331.26291
334.22232
324.99377
309.47131
320.83493
307.08487
309.92471
304.38922
309.49194
295.60995
291.22446
280.88715
288.93689
296.17874
339.61768
351.03900
354.38583
356.32715
357.72031
365.42795
364.47583
354.27454
359.00217
352.20132
324.53217
337.94836
346.29486
335.55777
317.39331
313.41583
323.09778
313.46527
325.65735
319.28931
327.78418
333.37326
327.12061
344.46481
333.62054
335.28986
345.15317
347.46957
352.13126
349.96732
357.99237
353.38013
350.33829
348.85449
352.98032
349.39029
349.51395
351.76028
350.88651
350.52374
350.52374
349.71179
350.51138
350.25174
350.77521
350.44958
350.70102
350.45782
350.61032
349.63348
349.58401
349.12650
347.37888
347.20575
347.16867
346.55453
346.15472
344.94708
345.04596
344.17633
342.93979
341.90524
342.37509
342.22260
342.52762
342.43695
343.39316
343.67343
344.10626
344.23398
344.08148
344.18042
347.12747
345.87036
337.26831
333.71533
331.30826
336.39862
330.53336
330.07587
326.01184
330.18301
332.11200
330.02228
319.34290
332.01309
331.82761
329.91510
324.71350
318.65042
318.34543
326.64246
314.66473
315.75699
324.47031
325.68622
333.08063
314.67294
307.74844
312.88828
303.43298
294.14673
308.24719
316.11969
294.48886
303.79984
289.79007
275.64017
288.10016
294.42291
285.97748
286.09290
277.77936
286.07639
287.46130
287.35825
287.17688
278.31931
288.33099
305.54333
318.12698
324.98553
306.72217
316.53186
324.95667
340.05460
344.04028
328.72394
330.76007
331.39069
335.70203
327.72650
314.46689
326.89389
334.19348
339.52289
345.78378
346.77713
345.27679
345.56531
346.62460
347.30469
348.21146
349.01520
346.86368
347.90646
349.72415
350.28473
351.08432
351.25330
350.46194
351.15851
350.79993
350.37952
346.73590
349.26251
346.82248
343.61163
337.82059
331.95126
334.78702
331.82349
335.18680
337.34659
338.78506
339.14368
341.86813
346.75241
342.45340
346.50922
353.65216
362.24597
365.84424
363.91113
362.22949
353.75107
345.67661
320.44751
308.74179
308.77890
278.99939
277.96481
278.27808
276.14716
282.89444
296.51260
288.92038
291.87567
308.32962
305.08170
315.48492
326.23856
309.54553
309.64859
319.74268
350.08273
375.17584
383.51822
379.23160
379.81277
378.88126
378.73288
377.40155
374.41333
367.43112
369.64447
367.24564
362.27484
362.17590
363.41653
361.22379
361.45050
360.09854
364.64484
362.81067
365.84424
374.55756
377.63239
378.54742
373.95581
363.30115
361.11249
344.91409
360.66736
338.21216
350.29709
357.44827
371.12418
366.95712
374.63177
375.44788
376.47006
368.55630
363.95648
362.06049
356.96603
357.80688
346.05579
343.85480
350.87000
347.93118
344.89346
349.93848
349.58813
348.12903
344.53903
355.22253
354.60428
355.16483
352.76187
356.13757
350.09924
358.53644
356.32306
365.17239
371.55695
369.37656
372.83881
376.20624
380.18375
364.57886
350.29709
357.98822
361.00122
370.19681
377.86734
376.68439
367.54239
359.70285
347.98480
341.41476
325.83047
312.49258
328.60440
330.36438
334.09454
337.96072
338.84692
327.11234
314.33087
301.79257
301.92032
307.56708
311.65585
302.60040
287.62616
292.06116
318.03629
328.92590
324.15704
330.14182
334.26767
331.57205
331.00735
328.72394
322.20749
302.63339
285.89093
297.75739
292.46921
317.93735
311.82895
312.81821
322.64438
323.91388
325.31937
323.48520
331.68332
334.46960
335.40115
337.20233
327.77594
329.28040
329.11548
328.57968
322.71857
332.70966
329.59775
337.17761
319.30991
307.64542
300.29227
308.63049
309.54965
319.12445
315.41077
324.21475
320.76486
325.26166
319.93228
325.85934
330.59521
330.23660
333.95029
342.75430
345.66837
348.36810
351.56656
354.89691
355.86551
356.15817
355.08652
354.90518
352.25488
338.55014
313.21387
311.30551
321.41611
337.04984
351.93753
355.64709
361.94919
365.41147
352.96796
332.73438
304.13367
311.39618
340.36780
336.72009
340.52444
328.62091
317.64471
338.52127
349.91788
351.26157
345.31802
330.80951
327.22775
325.57907
308.23068
294.18387
285.84558
285.60239
276.48514
275.20740
273.02701
267.24423
272.79205
276.99625
276.01526
286.88013
292.44034
289.41501
280.59860
328.17575
304.60770
304.58295
317.57053
305.32898
288.81323
279.53522
275.71848
275.31042
275.16205
279.11478
284.93881
284.00729
277.53619
271.82758
269.26797
271.51431
269.73785
275.37225
286.96255
282.38333
282.13602
283.50854
288.59479
293.46252
286.10526
284.46066
301.20316
317.94562
329.85742
333.35678
333.97092
342.68423
354.06021
354.34048
352.46512
345.34686
347.59323
346.71527
346.14236
343.08401
338.29459
331.76166
329.24741
314.33087
300.00372
281.61670
270.55811
285.96512
291.46350
301.46280
286.09290
278.68613
277.13638
264.08698
261.44492
257.63235
253.58479
250.50174
248.55629
246.79219
245.72466
243.93994
242.89302
245.62573
238.26433
239.85532
241.22374
240.09024
237.46472
237.43999
232.64229
238.24371
235.94792
241.30205
248.32959
251.89076
254.97382
252.08861
250.95926
247.96687
245.20944
243.30521
241.80077
240.85278
239.67809
238.76306
238.59819
238.18600
237.82742
237.74088
237.36580
236.97011
236.09216
241.33913
247.79376
251.04993
254.50394
262.04669
278.23685
288.00949
294.48059
322.69800
332.98166
333.03116
344.83167
326.09427
316.84509
310.29568
294.35693
305.91019
308.51511
297.85217
306.11624
295.28848
308.84482
300.26340
304.06775
293.83762
295.64291
280.26477
280.05045
290.79166
301.89560
307.56708
289.61697
267.23184
269.59360
277.11987
271.83582
272.21915
273.43506
288.94925
291.69843
300.61374
275.47943
288.24033
307.17966
280.84180
289.97556
291.79324
288.31448
272.62308
277.98132
300.17270
299.06396
298.93619
300.67557
309.58673
316.35876
319.85397
297.32458
286.16705
302.93015
308.25540
302.57568
264.49503
267.21536
270.66937
276.76953
276.63763
279.77014
265.74802
269.25562
266.74136
263.38626
279.44452
287.46954
290.81638
287.85696
299.19174
308.46152
307.10135
304.79730
308.65524
310.23386
310.27505
309.20752
299.20001
296.29416
296.35602
273.82663
278.27396
260.13425
255.41074
250.28329
249.18690
249.47955
248.06993
246.70151
244.23259
244.75604
250.31215
252.95006
256.16089
259.27692
261.70050
262.93701
263.02768
261.77057
259.51184
257.80957
256.61014
255.87236
255.71986
256.27216
262.11267
263.99216
268.14273
267.30603
259.84158
253.87743
270.30252
283.54977
286.81833
278.26160
294.26215
322.69385
335.34344
339.95566
340.32251
316.51126
291.68607
285.98572
281.20453
285.80435
281.59195
296.54971
290.07858
276.07294
282.98511
273.03110
271.55142
274.77875
282.60178
286.61633
275.09198
294.57953
316.78329
321.09048
327.40088
337.61862
344.72861
350.13632
360.78275
371.79187
374.74304
377.33148
350.22702
351.62015
342.75842
350.91534
350.61444
351.25742
347.23874
346.81421
342.13605
341.10562
341.10150
339.34561
333.50104
332.46646
336.58820
335.59900
304.45520
307.61243
315.81470
324.65167
321.52325
311.74240
306.38416
322.93292
307.24149
305.95139
277.52380
295.75833
334.23468
321.90247
314.17010
314.10831
320.73190
320.91327
322.70621
312.48431
311.47861
315.35715
314.31024
315.42722
314.69357
313.62192
291.32745
302.02750
314.36795
317.23257
324.12820
315.27472
307.43930
311.15298
301.64828
305.06522
293.11218
294.69080
304.80551
301.61118
306.70154
299.89658
297.46884
295.92319
299.90070
299.03925
304.55411
310.06900
314.02997
316.00839
313.45291
320.52170
321.26773
316.59369
318.76584
321.73761
320.93799
322.53308
322.95764
323.59241
322.31052
322.07559
318.95953
321.48618
320.72363
322.29816
321.06989
320.98334
321.18118
312.49670
318.53091
316.98523
316.34225
330.80542
329.11548
318.61746
330.92908
323.31210
321.65103
309.35593
297.34521
299.62042
294.91339
300.15622
279.25494
293.97363
291.37280
310.82739
312.52554
299.12579
281.59607
278.78918
267.52451
269.13196
289.10587
298.70538
324.62695
336.27905
335.68555
335.90399
338.10501
337.75052
339.69186
339.16840
340.48737
341.15506
341.93408
342.69247
341.90112
341.97119
341.11798
340.10815
341.24985
336.22134
324.41675
322.08383
325.01437
330.22836
330.83426
332.58188
328.68271
314.44214
327.09586
318.90186
306.88287
298.68890
301.14545
293.23175
270.06760
266.79080
255.33241
268.03970
240.87750
235.48628
229.50566
229.24597
224.23396
225.87029
227.15627
227.78690
226.87599
222.24730
226.93370
227.57257
223.68166
225.86617
229.48503
229.92195
228.98219
231.26976
237.48120
243.74210
243.33818
260.26199
274.83643
279.05298
262.34348
253.30864
247.27443
255.88472
240.10674
238.42506
240.41586
243.04141
244.79314
256.84921
252.87173
249.67328
250.41519
252.23286
263.97980
261.60156
265.68210
274.41190
278.94992
276.76953
279.69595
287.88171
295.30905
305.09406
309.59088
308.88605
323.77783
323.33270
322.24872
323.62534
322.93292
322.05496
322.14154
321.68817
322.12503
320.39804
320.36093
321.49854
320.60001
315.09335
325.46365
326.93924
323.24615
316.71323
306.48718
314.15775
312.46783
315.56735
307.14667
319.97763
309.96179
307.15494
314.93674
314.64410
323.12250
327.38852
328.50549
330.24487
330.15829
333.92142
336.08536
333.93381
336.98389
333.65765
333.85138
342.67188
341.75272
343.26541
343.35608
344.45245
342.91095
342.57294
348.80090
349.25839
351.31100
352.22192
353.16992
353.40485
352.14362
352.76596
346.11349
348.62778
349.09763
350.79993
352.48569
353.19052
352.32910
350.84528
351.84683
353.40073
353.85828
353.63156
353.70987
354.06848
354.79797
355.41626
356.58685
355.80371
357.74503
359.65341
361.25674
363.82458
362.80652
363.01672
356.08398
350.82465
335.89987
329.99344
311.21481
308.72531
305.96790
310.29156
293.96124
279.66299
280.86652
288.05893
250.38634
240.93521
225.22729
222.41629
219.37856
219.39093
234.36104
236.21996
234.42288
252.30707
265.87579
283.18292
286.81006
291.58301
294.68671
299.93777
295.65118
284.64203
272.02542
300.81158
301.51639
292.41971
308.22656
310.03186
314.42154
314.02173
314.68121
313.47766
309.27762
307.69485
307.09308
304.59534
306.74274
302.74469
303.17334
286.47620
288.48761
296.87531
289.48093
288.47113
294.87216
299.64923
299.80176
302.63339
300.41177
302.76941
301.97394
293.81702
275.02603
275.92044
273.24133
275.01367
287.56845
291.13376
302.08521
302.63751
302.26657
306.05032
300.11914
302.77353
305.08994
304.36038
308.47800
303.66794
311.02524
308.14413
303.23926
304.99100
301.21140
294.37344
295.09885
277.54440
270.82599
271.49783
267.34314
267.58218
262.21570
288.25677
285.48288
286.54626
280.22766
288.88330
284.92645
287.53549
286.08054
283.82593
277.00034
286.18768
290.59793
292.97205
299.83887
292.72061
300.20569
299.61215
302.32013
301.39273
302.65811
299.81824
299.41843
296.21173
302.02750
300.37469
301.12482
298.54874
300.84869
299.34836
301.92032
299.23294
294.64136
297.18036
293.70984
296.56207
297.72855
298.80841
300.24277
300.63434
300.22220
299.04337
299.96664
301.09189
301.21552
288.79672
290.99362
265.12152
278.40585
283.03867
281.61670
285.90329
287.18515
290.52374
288.01773
287.96002
287.13568
289.36966
285.79199
283.03867
290.89056
296.90829
296.55795
301.17017
302.70758
302.81476
290.79578
296.81351
301.92859
296.69809
296.37247
302.83536
297.08551
302.13464
300.78275
296.73932
298.39212
300.08615
299.23709
296.67749
294.98346
293.45016
290.42068
293.05035
296.78467
298.25198
295.35855
295.71298
299.92950
295.55640
297.62961
294.74442
298.30145
300.75800
297.27515
292.34555
294.30338
299.51736
302.37784
306.75101
311.58990
311.54459
311.65997
310.48941
306.68094
306.54080
309.03445
308.10706
312.69452
313.34164
314.52045
316.52362
316.88632
318.06512
317.03058
318.51028
319.04611
318.26712
320.05182
320.04358
319.84985
321.46146
320.06006
322.19510
323.01123
323.69955
324.19003
324.93195
325.87994
327.30194
328.34885
329.60187
331.81937
332.41287
334.34183
334.86945
335.19916
334.55618
334.10278
334.04510
333.72360
333.95853
333.60818
336.76956
337.50735
334.57681
337.66809
340.10815
340.54507
342.59769
343.37256
343.39316
344.46481
345.24796
344.31647
344.89761
346.25778
347.76633
348.96576
350.20639
351.50885
352.26312
352.18481
348.18674
345.36749
342.69659
341.45596
334.86118
316.11145
294.95871
293.07098
290.21463
282.12366
291.67371
283.23239
282.40393
284.76569
285.59415
287.31702
288.43402
305.79062
327.63992
330.28195
337.16937
340.02573
340.32251
338.92111
340.28537
339.01178
339.31268
337.71344
338.97470
341.78983
342.39160
341.96292
341.97119
341.72388
341.65381
341.52603
341.50540
341.90112
342.64304
342.65125
344.00320
343.55804
342.86560
345.44580
346.93784
346.97083
348.44641
347.70453
347.96008
345.03775
345.73019
343.77237
342.64716
342.99750
345.82501
343.92078
342.21439
344.36591
346.14236
346.59576
346.90076
349.15948
350.00446
352.11063
352.84845
353.73459
355.21841
356.54971
358.31796
359.08459
360.26755
360.77039
360.74567
361.10013
363.72980
347.13568
325.43066
313.44470
297.78210
301.18668
309.91235
317.22430
305.86069
288.07544
272.18616
288.43402
299.06808
284.99652
295.99326
294.31158
267.80890
263.39865
275.74323
275.59070
269.62244
301.94916
313.81976
307.31979
308.31726
313.10669
309.60736
307.13843
314.02173
305.01572
304.07187
300.97232
297.72855
292.10236
295.82840
286.34430
287.81989
262.82159
249.80930
268.86404
263.93445
262.66910
266.63422
266.79495
268.36533
245.80708
235.76244
228.19081
241.00528
246.52428
250.50587
252.02679
256.18561
265.82632
268.08093
274.13986
278.02664
270.73532
273.78128
265.13388
256.93164
261.60568
267.12469
273.64114
272.05017
266.85263
269.45346
277.96481
287.72098
291.15848
291.86743
293.12869
293.43369
293.43369
294.49298
294.99994
295.03293
292.20950
293.07510
290.24759
286.89249
289.04404
269.93158
270.62817
255.51788
242.76112
235.35027
241.25259
230.70506
228.49995
227.57257
220.50378
219.91437
219.03233
210.14177
211.38240
221.30341
244.17076
250.81087
257.31082
268.10565
269.85739
267.70172
262.33936
266.80319
265.92526
274.65921
270.59930
276.33676
271.22992
272.78793
272.43759
266.57651
243.97705
245.30013
247.72781
216.74889
233.18636
235.07411
250.85622
256.90280
254.30611
243.11560
265.23694
266.91034
259.96524
265.36880
260.45984
261.72522
261.65927
272.37164
267.22360
275.70612
274.45724
275.97815
270.26544
264.37549
268.84344
274.41190
280.83356
280.02570
278.14206
279.67535
268.53018
276.53046
277.86179
283.46735
263.43573
250.01125
254.66057
261.07397
264.72583
271.39481
263.61298
264.11169
261.04102
267.07523
256.64313
256.89041
263.64594
257.46747
269.79968
268.53018
285.68481
286.28247
283.31070
284.18039
286.62872
288.20734
285.51172
291.43875
291.43466
293.47076
292.84427
293.60681
293.56558
295.64291
295.09064
295.72949
295.66766
295.46982
292.26721
290.01266
272.72610
270.03461
277.93185
281.96292
284.95529
280.80881
269.36691
275.82977
278.94168
274.58087
280.06689
276.39444
281.47653
287.23459
287.25934
282.99335
284.26697
282.94800
285.55295
284.93466
285.60239
286.47620
285.10779
283.43848
282.17313
286.10114
283.05518
284.89758
286.16705
285.28091
283.35193
285.49112
284.86459
285.34271
281.53836
286.73175
284.79868
286.20004
289.21304
289.40265
290.47839
288.23618
282.95624
292.16830
291.08017
296.19937
296.95776
300.83218
304.09659
306.61911
308.18124
310.58008
312.60797
314.52460
316.10733
317.75601
318.16406
318.82355
319.21512
319.58194
316.64316
317.06357
317.32324
317.54581
317.56229
317.46338
317.42215
317.35208
317.15424
316.98111
316.64316
316.24747
312.59561
312.73578
312.48019
312.18344
311.63937
310.86035
310.07312
308.62640
306.66858
305.18884
303.74213
302.60040
303.11148
302.38196
300.05728
298.18192
297.26691
294.94635
291.01010
292.41150
290.65976
270.89194
263.98804
274.58087
288.10840
287.20163
288.00949
286.08463
290.25171
286.56686
284.83575
286.11349
291.21207
287.11096
278.06787
281.66202
272.21915
271.15985
267.54922
275.56186
257.48807
245.75351
248.10291
249.38063
232.95554
239.70692
241.82140
238.33853
249.34766
253.24681
250.84386
252.56674
257.83432
252.66566
244.49226
239.18761
244.31915
236.26941
231.03070
241.22374
268.37769
275.58661
278.06375
276.69534
283.16232
279.87320
283.65695
283.17883
284.14743
285.74667
285.87030
286.88013
278.48831
277.77524
283.90012
277.33835
286.80182
288.26913
283.54977
282.68008
285.90329
284.41122
282.22256
288.26913
291.58716
292.56400
290.62265
292.18069
288.20734
289.41501
289.01520
288.99460
290.84937
290.06210
291.46350
289.03580
288.89978
290.61444
291.09253
293.23175
291.40167
290.25583
293.64801
294.88455
290.48666
293.49551
293.09982
292.83191
293.40482
291.33160
293.35947
291.92514
292.81955
291.53766
290.13629
289.67053
288.32684
285.49936
286.37317
286.51743
286.54626
287.49838
285.49936
288.88742
288.16611
288.41342
282.50699
274.39130
279.03647
273.36087
271.76163
266.56000
274.94360
270.17065
280.84592
279.48987
278.77271
271.75339
276.84372
272.21915
248.61400
236.36009
237.24214
219.60938
266.03656
265.70682
255.22937
242.34485
233.86644
233.29764
235.31729
225.74252
215.81326
210.68170
209.10721
208.21690
203.43982
201.93539
202.14561
200.60408
200.53813
200.10123
200.07649
199.69730
199.26865
198.61328
197.85077
197.17479
199.49535
200.56287
201.13579
203.56348
204.10344
204.07045
202.78448
201.58093
199.69318
198.62152
197.30257
197.06764
196.43288
194.62344
196.20619
194.89961
195.85173
207.27715
201.38721
201.25117
201.95187
209.61008
208.22104
209.72136
230.14452
234.27861
234.41051
231.87152
235.81189
238.39621
241.55347
248.23479
246.73862
245.59688
253.29216
251.83719
246.50778
250.70372
249.40948
254.13298
260.64120
270.66525
266.92685
267.11646
269.09900
257.85077
267.31430
265.54605
259.12027
257.70654
252.52553
253.31688
239.52145
225.60649
216.57990
228.94922
230.80399
233.87880
233.27292
233.91177
237.46059
243.76685
247.00653
251.30136
256.89456
252.40599
256.91516
256.54007
259.89105
259.07495
265.92938
267.60278
269.09900
270.48801
269.61420
270.79715
271.73688
273.19598
270.07584
270.64462
270.98264
272.24387
264.96490
264.99786
261.82001
264.22299
263.90149
240.54776
238.46628
220.08749
202.62372
202.53305
196.23503
197.62819
195.27469
193.86505
194.06702
196.79147
194.43385
195.71159
196.14438
199.24391
197.64468
202.19507
213.35258
210.80536
208.13861
200.79369
192.76042
191.85365
192.45955
196.14024
194.75122
194.80481
195.80640
190.68719
187.91327
186.97765
186.86635
189.44656
192.07210
196.18559
200.01056
199.81271
214.59737
219.22194
201.28416
201.16464
201.19350
202.84630
200.42273
209.17316
207.51622
210.78062
214.59323
219.05295
221.46004
231.64072
231.47583
226.82240
219.22606
214.03267
208.73625
199.10788
200.56699
192.48427
191.08289
193.91452
194.56575
195.01501
198.54733
203.61707
198.44841
196.35870
194.71825
195.15515
201.15227
201.09868
198.37424
197.61995
194.75534
192.80164
190.79437
190.01535
188.98080
188.03693
187.20435
186.59433
187.23730
190.57590
194.78831
204.89893
212.92392
210.69820
202.63197
198.92653
191.96906
188.68816
190.94275
195.97539
228.92860
242.21295
245.13113
243.97292
242.27478
251.94023
256.49884
261.64691
267.66464
269.38751
267.85834
271.42776
273.18362
270.31491
272.05017
275.92459
274.95184
272.54062
279.75778
285.55295
284.05676
288.82971
285.46640
288.09192
280.99017
276.08945
278.29871
282.89444
280.67694
278.81390
279.10242
281.22101
281.57547
277.18170
281.69086
289.16769
286.93372
278.57898
285.30563
287.21399
288.31448
286.77707
288.42166
286.95432
289.74884
292.01993
284.58432
275.57425
263.01944
279.60117
279.39096
288.73901
293.28531
291.02246
294.26630
296.58267
297.58426
292.89374
294.88864
296.88358
293.24411
294.34045
297.35342
298.67651
299.31128
298.93619
301.39273
302.64163
306.03796
307.76083
308.62640
309.89172
309.06738
311.56931
311.06232
312.90063
310.20499
311.96088
313.37048
312.94183
308.25540
310.47293
312.49670
311.82486
307.84735
305.74527
307.31567
310.11435
310.89334
310.61719
311.04584
311.35910
311.95673
313.11905
314.31848
315.15521
318.41962
320.43100
321.80768
324.55688
327.11646
326.35397
327.78418
326.64246
325.47601
325.92529
325.66562
327.41736
329.37103
329.19794
328.90942
329.82855
329.82443
329.49881
329.51532
330.33142
330.19128
328.05621
326.98044
324.64752
323.37393
321.75409
320.34033
320.19608
319.87872
319.64374
319.18625
318.99667
318.04041
318.12698
314.92029
313.91455
314.36795
311.97324
306.19867
291.99930
291.17499
291.14200
278.41824
267.44205
275.27747
279.63000
287.57260
295.56049
298.32617
298.04178
298.42923
298.23138
296.95364
291.44287
285.13666
281.99176
280.54092
278.91284
279.95563
280.81708
273.85547
279.75366
280.22766
277.94421
252.90884
249.36003
261.40372
276.14716
274.79111
276.88083
277.13638
282.05359
258.44843
273.29904
266.80731
270.06760
277.95245
271.05679
269.45346
270.67761
267.49976
271.04858
267.07523
255.05214
257.52518
255.15930
261.33777
274.02856
270.99500
274.10690
270.76416
263.97568
262.69382
265.09268
271.28351
274.57263
280.28537
281.48065
282.82022
285.87030
287.88995
290.26819
291.73553
292.45270
290.90292
279.21371
283.00159
282.64713
282.98923
285.89502
281.25809
283.67755
274.65921
274.23468
272.63544
266.33743
268.32410
271.78635
264.07050
267.20297
276.90967
272.31393
272.49942
275.40524
274.24292
276.13480
276.99210
278.45944
281.77332
284.80276
288.87918
290.01266
289.89313
290.43719
290.79578
291.18320
285.99808
291.16675
287.96002
293.77579
291.66135
290.44543
290.51962
291.99521
294.01486
294.60428
294.68671
295.51926
295.25961
294.45999
293.69748
291.92923
290.13629
288.41754
286.51331
277.11575
269.41635
267.45444
275.65253
279.20959
280.35956
280.03806
277.44138
273.59579
269.31744
263.22141
256.09906
262.28577
259.72617
268.01498
265.94586
263.36566
253.72081
248.64285
251.90312
260.00647
257.00583
260.44748
263.30795
263.06891
272.53650
278.53775
272.80853
279.46103
279.60529
273.52573
274.16870
281.55072
283.40140
287.37064
288.64011
275.99051
279.69183
272.26859
262.57016
263.15958
254.91200
266.39926
267.89957
261.37900
255.39012
255.79816
249.50429
239.53795
239.06393
237.46884
240.69203
221.19624
217.15695
209.32153
204.92778
205.51718
206.95979
209.03714
206.38274
206.22200
207.37608
208.41476
209.23087
218.71909
225.49107
225.32210
227.60141
246.41711
259.72617
267.70172
272.35516
272.75909
275.08374
280.17407
266.15195
275.82153
278.60370
279.34973
282.56055
289.49744
294.38165
297.11029
299.24530
301.37216
303.28461
305.13528
307.31979
309.67331
312.09274
313.58484
315.35306
316.94403
317.00998
315.81055
313.92694
313.27982
313.59720
310.34515
312.22052
314.83371
313.80740
313.74554
311.73831
310.81503
301.05890
307.34863
304.56650
307.22910
307.06424
304.17902
308.90253
310.50589
312.66980
313.09433
315.04803
315.41077
314.41330
315.19229
314.98621
315.27472
314.17010
315.04391
315.83527
316.54010
314.08768
318.11047
318.29184
318.84418
318.94717
319.52423
318.84418
316.11969
317.40152
315.61270
316.88223
315.43549
315.50964
314.99036
315.28299
309.25287
312.41425
308.03699
307.94220
311.57339
314.40918
316.08670
317.65707
317.00586
317.68594
316.98938
311.78360
311.51160
311.84131
307.48465
301.52051
302.08109
307.15903
304.08423
300.51892
288.08368
286.81006
279.44043
283.26950
272.36340
255.36127
259.34283
262.01785
260.10538
286.11349
283.71051
283.60336
284.87283
278.86337
280.31009
275.33929
279.47751
271.42776
273.85959
268.43539
271.11041
271.25879
274.05331
262.92053
272.18616
263.25027
259.16562
254.96558
253.39520
251.96497
252.91708
257.71890
258.81940
248.73352
261.46143
257.97855
264.71759
267.16177
262.96173
263.05652
258.63391
260.17133
256.75851
263.82730
267.18652
268.56317
259.96936
260.48044
258.91422
243.21864
244.67361
251.93611
267.47916
278.18329
283.12936
282.47812
285.00473
278.81802
285.29327
289.44797
291.22031
290.10333
294.88455
297.97583
299.22473
298.22311
299.86359
303.11148
304.09247
296.29004
296.13754
300.49832
299.81824
301.23611
300.25513
298.43332
298.84964
294.42291
298.19427
298.75482
295.09885
292.32083
284.83987
290.95239
292.68353
291.97049
290.82465
285.50348
283.63220
283.19119
275.26099
272.46234
270.51685
280.37604
294.08493
296.58679
290.93591
283.94135
276.40268
283.29834
287.20163
286.73175
269.35040
280.70166
267.73883
260.10126
272.59833
267.92841
282.28027
286.62048
288.13315
287.23871
280.73053
288.99460
285.75079
292.32492
294.73203
299.20001
293.19049
298.14896
295.42447
287.99301
297.83569
302.45615
300.86517
300.56427
298.35916
297.48947
292.49393
304.29031
304.70663
307.83090
305.41144
303.65970
310.90982
311.91138
315.72812
315.31183
317.50873
317.88379
319.44592
319.05438
320.48459
320.02295
318.75760
317.44278
316.56482
312.77286
306.78809
309.61560
307.34863
310.26685
309.32709
301.30209
303.72565
308.39557
286.91724
306.33881
303.82867
311.95261
312.33594
313.49826
314.09592
285.54883
281.14682
289.93845
280.51617
294.72791
307.27036
310.63779
