229.14949
232.32141
244.20728
254.64093
263.32141
271.03128
281.08438
287.47864
303.94019
317.34412
324.68973
331.32208
328.31549
319.72183
320.03009
325.65970
328.06088
332.14981
338.91486
339.77289
337.62097
337.76648
340.00052
339.54260
336.32928
329.85333
325.27386
321.88785
317.64215
316.28925
316.89520
311.63016
311.38254
316.57001
315.83438
306.86517
303.95029
299.64893
298.75043
297.75677
292.90314
285.58124
267.56332
263.10574
260.26486
259.29547
239.30977
221.28371
217.38454
207.26476
175.95778
168.28371
164.70364
156.93935
147.03604
137.99094
139.48468
137.46948
124.08919
114.40730
101.42398
98.20663
95.86913
93.70885
94.45498
98.42815
98.18272
95.50484
95.54236
96.89216
88.79514
76.97060
79.16948
78.76148
84.39122
84.88925
74.91518
82.55071
101.97152
114.66682
130.15369
146.64128
168.50198
184.78423
168.64023
162.05214
166.27550
174.45538
179.86388
177.47572
176.03590
179.15965
181.77751
184.27303
176.78047
172.71959
178.10997
182.54369
178.24712
168.76842
155.35727
148.81335
142.49936
144.07108
138.64340
128.05237
117.72350
122.55315
130.83031
128.79517
122.30157
118.72677
121.02565
151.13641
226.64999
248.25479
258.81900
259.78354
241.22263
240.44980
243.87633
243.16550
243.94980
242.31313
243.96689
251.48801
241.69760
221.07074
211.04994
207.39955
221.16339
228.56955
235.43721
227.19833
225.56070
227.95750
230.02620
232.52689
234.76349
235.08789
235.26706
239.32462
245.73561
247.94766
251.52045
251.07877
256.95963
269.13141
288.93951
309.20752
318.47607
315.05017
306.43784
292.67444
280.99466
272.21640
263.10339
250.91234
249.98671
247.17451
245.00787
249.47920
261.25540
282.06912
287.93445
285.44019
285.70853
287.59302
284.43198
281.11108
279.68518
279.02274
277.22021
273.29895
270.35547
269.44543
269.56430
264.11908
254.13797
240.13402
236.95091
223.68820
210.84358
207.84338
206.76974
206.97809
208.43825
208.01785
203.92822
199.41344
199.01036
195.17943
185.51057
185.03583
187.96262
190.39412
193.45581
194.15598
193.42804
191.77385
189.97699
186.26048
175.18163
157.96790
152.38788
152.76363
142.01041
141.83095
143.39227
141.16093
136.61842
132.23080
125.37012
119.13860
111.16058
96.49307
82.97104
85.34013
71.82066
57.00791
55.18014
52.34876
55.24012
52.90594
46.26021
42.76527
38.53189
33.04921
26.97774
26.03079
24.29129
21.40851
13.35878
12.33685
13.40805
15.97701
16.10771
16.29506
10.16234
9.79306
10.82472
8.18138
5.24420
3.36172
3.74635
3.61836
3.05000
2.56384
4.57253
13.54091
15.78769
14.62636
9.55574
3.52245
3.19565
5.66870
8.02446
8.17496
7.62437
8.41055
10.39490
11.30606
10.88022
11.89626
14.12912
16.15714
15.08928
14.34459
13.54932
13.09175
14.64307
17.53061
18.60864
17.19818
6.47945
1.20416
1.64433
359.42618
0.22571
3.62552
3.09189
7.13731
7.56528
359.69513
346.69501
340.99622
358.39673
332.27228
318.48291
305.41882
293.32385
283.14606
260.51523
222.09360
239.40334
215.59268
216.65196
221.97302
219.84354
214.82248
214.98123
226.85742
238.71779
240.23621
245.49399
250.17201
251.06262
250.78978
246.76671
238.29761
242.61702
253.35939
250.99921
262.96503
272.79843
270.61978
259.18469
264.02582
262.86285
262.74377
270.67932
275.52496
280.05234
288.05533
297.55487
307.96393
313.99762
316.61902
321.09970
323.47675
325.19897
327.18713
330.60681
333.38016
331.77869
332.41388
330.62967
328.19110
321.51648
312.46014
312.08527
318.56293
324.09546
322.44299
324.04745
332.37851
324.03549
323.24808
325.67770
326.87756
328.79797
330.61472
332.10736
330.84930
329.13196
325.94437
321.86023
319.37744
316.65393
317.23331
317.94888
319.75018
320.92502
320.38538
323.00195
323.85272
320.44467
318.69733
316.78302
319.68106
304.57559
287.89975
272.43347
261.82898
260.39920
260.91882
260.77832
255.09891
248.02377
239.26591
234.40906
230.79501
231.28458
229.19330
225.86594
224.88704
224.65509
221.64345
217.23419
217.79099
218.01596
215.43518
214.73196
212.26146
204.11986
202.85632
201.78268
209.03090
208.87477
212.23511
210.81825
209.50021
210.86024
217.28864
219.57307
211.03502
202.35005
201.14644
211.87473
306.11163
348.28070
356.39484
356.94943
355.19727
353.18933
353.83627
353.28125
354.55383
356.20651
353.85422
350.79602
349.70026
349.72940
349.88477
347.30017
342.44293
337.76859
333.32257
330.49512
330.32123
322.47229
316.47980
314.24243
304.44479
295.44031
292.24377
286.98856
281.92493
267.82520
254.07703
251.98676
247.02386
223.21632
212.78256
213.22331
212.13531
208.67665
212.56418
216.85777
215.44951
216.31598
215.13467
215.26624
216.49460
212.18816
209.69789
205.44028
207.18886
208.72441
205.84206
205.17319
205.58562
203.48170
200.65884
195.75166
194.34914
184.33434
184.09431
184.47842
184.22719
180.69206
181.42229
185.06796
185.36237
185.38445
184.75990
183.93832
184.10361
184.37650
183.74991
182.39752
181.44289
178.15443
171.40800
167.84618
161.62575
153.61723
146.64140
140.72832
147.37943
131.14487
129.47855
127.65663
127.09778
128.53250
126.50874
128.87424
135.70454
157.08725
167.88397
167.95432
157.45247
141.17168
130.97510
122.02007
117.87250
116.06160
116.50631
116.90198
121.43176
125.99512
132.16310
139.02164
142.22893
110.00599
102.96383
99.26412
94.70107
88.82616
86.80920
89.84573
92.98779
96.32597
98.27171
98.45032
99.36054
92.50394
83.13799
81.62820
83.69704
82.34718
75.54713
67.58670
61.90558
59.84286
55.20330
55.03299
46.52373
52.82732
48.31291
37.80148
46.44760
53.05624
40.09946
24.56509
21.65521
20.03445
25.56142
31.00983
31.38626
16.68619
351.56305
344.66788
348.54840
347.22498
358.05630
95.77529
192.38821
314.20108
316.36279
328.48627
339.37625
359.60812
3.95155
43.79660
51.36720
38.75775
69.03856
117.86864
143.68767
156.36951
170.59413
198.13452
218.17105
194.08255
187.86462
197.73080
221.48004
202.27899
196.02280
219.62073
196.15732
183.18860
191.83157
202.99567
214.32925
222.47229
218.03008
205.71840
208.65245
216.10544
205.56905
206.21996
229.00720
235.99744
227.29048
226.95242
228.21951
243.09901
257.79575
262.18448
265.31567
270.96164
297.51532
310.66965
320.09033
328.84424
335.56900
337.41547
337.26001
347.85999
340.11676
335.24411
329.44678
327.82028
327.32239
325.39185
324.52582
320.65207
314.93524
311.04102
310.87894
288.90063
274.99197
272.59357
268.24350
252.53108
225.14523
220.97284
222.67432
218.52095
207.94055
195.19424
189.91060
208.29704
194.88289
191.80464
195.25952
198.15126
198.69203
197.92911
197.26485
190.97269
185.86832
184.30052
187.43207
186.49321
181.66629
179.16302
176.36137
173.29825
169.35333
164.41156
162.71446
161.22491
160.05476
156.22020
157.84442
162.39284
157.07648
157.98915
159.79482
158.57126
156.32259
156.73309
156.53471
153.91899
149.48227
145.15906
142.44800
137.80136
134.17154
127.17213
125.24080
124.74614
125.85486
120.59644
106.35732
91.46180
74.56810
92.60406
89.90997
101.26323
30.48131
349.24603
137.62733
165.18373
260.22812
282.83484
297.72461
305.77728
296.22870
280.40848
271.39450
249.47052
223.86453
208.07941
198.47543
197.49222
192.03966
187.69328
181.63771
174.22073
172.14714
179.93764
179.45467
150.77109
139.79053
144.77859
148.49701
148.47704
149.45297
151.11299
152.44316
154.02621
152.35016
146.98462
142.30908
142.08908
141.65627
140.22882
141.00317
142.87701
140.33337
138.46130
137.20616
137.56288
139.71252
138.32626
138.32524
121.38177
111.08332
111.63941
109.29249
105.40061
97.25437
91.05733
89.77360
95.23767
99.55714
104.60343
111.24718
124.31739
186.37408
228.71898
253.66919
259.78555
263.66873
266.23141
256.95551
244.09354
238.63380
239.07852
237.58444
238.53632
245.29477
237.28424
220.86594
212.36339
214.17036
220.86171
223.54843
221.33334
219.53450
216.10437
211.80019
213.28271
213.20680
212.66525
213.19308
217.94405
222.24643
224.39780
221.69421
217.66907
213.44693
212.82307
216.18794
219.81354
220.30368
216.83144
205.32257
190.80019
185.97391
184.49567
178.20322
176.90936
181.43536
186.38091
188.84920
184.75340
180.39755
183.33437
186.73044
186.89209
177.16988
173.15247
169.05438
161.89246
158.40747
158.91756
163.78336
171.39520
163.53503
140.60370
129.09181
132.32062
129.22131
130.31410
134.39401
140.53691
145.79877
145.57574
139.03868
146.73851
135.88879
114.82828
101.36964
86.63927
73.84454
63.56257
52.06582
53.34913
46.71117
35.38525
26.96747
21.76851
9.10422
354.71375
346.93359
351.17056
358.72693
10.30695
20.02457
16.97795
11.84924
12.53708
17.55132
349.95340
324.94800
312.37720
305.67633
304.15280
297.18158
290.23035
289.74765
281.50491
279.53265
281.74176
278.28696
247.07455
183.05707
165.31139
178.01741
183.48790
185.16299
184.12701
178.42984
177.82147
176.39447
171.73399
167.41614
167.06828
164.57076
165.79442
166.63838
165.37323
163.77950
161.00003
160.11110
159.23178
157.48392
161.52588
167.79993
186.36079
198.21967
203.28210
206.20012
188.59207
196.24799
201.60091
189.17728
176.63943
178.63202
187.73399
197.73563
208.46829
200.73596
192.09467
185.06276
183.56296
177.39461
170.57671
168.35555
170.45634
175.38066
178.42056
182.79010
177.86125
175.20714
164.93858
161.78824
161.18295
161.26912
164.67104
169.30089
171.75624
172.90388
175.95381
184.05229
183.19165
188.86052
196.78194
202.93564
213.76646
223.52521
216.81514
204.32991
202.46867
205.23369
206.94904
204.74538
221.70677
228.89053
227.46133
219.43327
218.41202
226.57446
233.28906
237.49365
237.52795
235.77866
236.57031
241.45636
249.82217
251.18539
240.43251
222.02956
224.33586
227.63864
224.88544
225.56635
224.18161
233.79541
245.09395
247.16364
249.16144
244.07597
233.33537
219.95749
204.66795
207.55525
217.31894
227.59491
239.42607
251.43599
260.52789
261.26422
252.90640
249.35422
235.82590
221.02863
213.00677
207.94223
210.69998
212.31668
210.02887
205.81165
221.16103
228.56723
230.04610
251.96277
276.30997
284.88461
276.45596
271.64496
271.54602
272.93829
269.85199
262.44760
255.65930
255.13925
244.29214
239.61328
239.38083
240.78587
240.57513
241.97202
243.11600
247.22745
248.74487
249.23500
253.78583
260.05414
268.13904
271.99625
264.88531
260.43839
254.93918
256.02570
255.64810
257.58856
260.49335
264.63184
264.10864
262.45367
251.95970
252.05727
254.83896
254.91974
253.20715
255.82205
258.34808
261.87811
266.22974
276.61798
290.04419
302.15314
299.03445
296.39948
296.46976
293.82385
290.49597
283.87964
275.26633
271.43491
267.18591
262.87201
260.77087
259.95917
255.12424
256.00262
257.76010
260.29544
262.50806
266.13202
267.67761
267.96097
268.68674
270.33792
266.22137
275.55411
271.82220
264.94464
258.68146
248.20885
239.85638
236.23981
234.95578
235.98593
238.67340
239.52238
236.56564
238.00780
236.35014
237.76529
236.53906
237.86072
236.51685
235.10611
236.09904
236.36084
235.05048
238.31873
235.84076
236.07709
237.95845
234.54733
229.16751
228.56387
228.77412
228.74898
230.74466
235.53645
239.36801
242.31364
245.28146
245.90228
243.71027
242.46808
243.88371
245.04778
244.44983
241.26004
238.03033
235.73776
234.77797
235.47504
234.87372
234.06459
233.57364
226.39871
222.08287
223.32466
221.37390
218.33685
218.81961
221.53517
222.01855
222.21509
221.91223
219.90823
218.84384
217.64850
217.40399
217.43321
216.06252
213.53625
212.53427
211.18573
208.81577
206.36020
203.53955
203.47038
201.15787
198.88321
195.94930
195.16681
194.62128
190.86615
191.66881
196.77910
195.86288
194.62320
195.51807
196.03499
190.20721
186.98358
183.85480
179.77701
175.74721
175.03285
177.41679
176.33852
175.38264
175.00064
178.81801
179.99210
174.10451
171.49373
171.22346
169.92848
168.61995
170.79274
172.17058
173.86760
173.17090
175.19662
173.51541
174.16689
175.68071
180.05023
182.81879
187.21954
191.24406
192.93916
191.59055
191.41661
199.45543
211.56818
226.96494
241.13068
255.50348
257.91492
254.57642
246.79117
236.23122
221.28973
216.50180
213.47968
213.62421
219.66728
222.61955
222.99396
224.09535
224.75504
220.12013
215.78122
213.74655
206.81915
199.22005
195.07838
193.47607
191.57275
184.13338
185.27042
181.12268
175.73825
184.18790
193.58691
204.70001
213.38809
215.10355
215.84064
215.77191
214.16112
211.90503
212.94052
210.99515
214.49344
219.70827
226.62524
235.87047
239.62761
241.95596
247.78593
259.34909
283.99728
293.67755
288.72736
288.18753
285.56509
281.93024
274.03400
265.05618
256.58832
245.76270
237.04721
232.32704
227.88457
228.78963
230.91672
229.78407
225.62871
222.95053
220.71211
220.22734
220.46844
221.44760
220.95250
218.20856
215.81586
228.18767
224.64627
221.44426
213.84982
210.80066
186.05885
165.71489
160.68582
163.01453
169.05699
177.88782
188.44592
191.97229
194.01259
200.63838
202.57535
204.28873
207.23561
207.82176
205.41727
207.64656
215.96851
236.00732
239.56161
234.03123
233.64093
227.60086
217.58604
210.91273
203.05881
199.17059
199.28207
210.18347
222.65677
228.89365
232.08913
237.08649
239.33246
237.07515
234.78922
230.69835
230.47885
231.06235
232.12488
234.37585
237.35327
243.19411
248.33685
261.95071
273.61224
272.06256
273.33081
275.35544
276.91742
276.41458
271.24326
261.26227
256.80627
262.76370
263.16321
257.92926
259.80719
271.56464
275.63547
272.02225
267.40137
264.08997
264.42389
265.99634
265.80273
256.23236
258.37036
262.00970
258.09824
269.04608
262.81326
257.93484
245.20081
214.02396
193.69293
191.09872
190.05322
192.38968
195.61957
196.09637
195.02101
199.19949
202.39648
201.30432
198.84795
196.54381
193.37601
189.98338
188.26260
187.73988
186.28416
186.91187
188.65880
180.91049
172.65678
168.45268
167.15843
167.40048
169.65691
173.03575
177.62923
180.14502
183.43814
188.21948
191.96545
190.70718
194.39307
199.79665
206.85233
213.43413
217.11607
220.36758
224.43964
226.88585
232.58331
247.76720
262.91418
283.46222
290.16626
294.57654
285.40381
271.93427
267.95001
267.40015
269.49060
284.08472
305.30188
326.25763
342.36935
349.99323
343.09564
341.48846
346.15881
356.98254
6.46297
9.65707
10.12839
10.79782
16.72180
21.97113
19.03632
17.70441
10.15295
7.13905
4.31366
1.30542
2.51517
5.84154
9.56087
15.25450
18.58389
15.84930
11.45686
13.89619
13.58537
15.54639
16.15387
13.59138
11.76108
10.31009
10.73160
11.06487
12.37471
16.70332
19.56688
20.89333
20.10187
14.53525
9.23509
359.84851
351.29626
348.59192
353.37161
357.33093
358.71985
355.51663
338.28329
345.11108
345.27869
343.82220
330.62250
306.20569
315.61624
326.94373
323.75067
296.08444
289.62219
303.89896
316.48511
320.34607
313.53741
322.26187
287.68179
251.00992
248.72441
259.14062
274.40076
280.25177
281.44534
279.12274
270.79764
273.68127
267.34802
266.84464
270.53564
258.94513
249.79449
248.95947
252.55194
245.43427
239.15717
223.70015
220.42085
229.91353
223.77866
212.98166
204.96596
196.37308
198.27872
211.27579
217.03214
219.16302
222.62564
226.34732
224.98558
224.13925
226.40230
227.57539
226.17657
221.80193
216.91922
214.29752
214.89313
219.65674
222.62996
215.58456
219.13741
215.74696
206.09491
201.63921
203.75388
209.53467
212.32529
220.23080
232.47919
232.37646
241.77124
282.31754
318.81131
344.15570
355.07797
0.45967
2.62466
3.21768
7.21501
8.55321
7.50656
12.09155
14.75380
14.70613
13.28398
10.79694
11.71326
12.54340
11.18686
9.75793
9.72702
12.56206
16.21228
19.05289
19.00116
17.45694
15.61572
16.38466
10.03946
5.68340
1.55975
1.42578
1.90865
3.31297
3.88313
3.36441
6.95514
8.52345
6.40878
5.05269
2.24496
2.13879
358.57840
354.77325
352.32581
352.42365
352.78815
347.81757
343.51947
339.82098
336.19849
328.93561
322.19153
311.22296
302.75638
295.21896
289.52472
282.01791
269.58746
259.92145
261.15741
265.83780
278.79184
277.22964
271.09631
267.84616
262.70410
258.61221
264.63245
272.34241
279.32983
284.89746
286.67987
285.84882
286.59476
297.52161
296.08337
286.77621
276.36688
267.66043
262.21637
263.54456
267.53156
272.91818
286.25864
302.79407
304.05688
314.99432
315.70291
316.46265
317.90320
317.07242
314.99265
303.19720
296.85550
301.45410
330.25473
6.67018
21.60361
22.17659
22.56508
20.37221
15.74722
13.18703
14.45139
19.02277
26.22440
29.15843
35.90791
38.71931
37.08051
38.96692
44.52470
46.13718
46.93423
41.33632
33.73898
35.24649
40.39861
43.72356
44.98888
46.26117
43.11684
37.31503
35.93819
36.26208
34.03238
34.59134
37.47179
39.56833
39.37363
42.05080
40.65884
40.68613
39.17831
36.70079
33.97421
32.77164
33.97719
31.14874
29.58514
30.11459
33.98412
36.12129
36.88963
37.80241
36.90613
33.53035
32.46309
28.30090
23.61807
21.79675
20.25812
20.30029
21.35873
20.22661
20.72015
21.44884
23.52519
19.71194
17.15831
14.39359
13.08952
11.05032
9.02866
8.08276
10.27487
10.57767
10.58572
11.14095
10.63737
10.70734
4.39706
356.02841
347.17499
339.27606
330.36310
318.48193
304.23737
289.25699
278.23795
267.69574
265.19739
268.37274
262.28622
259.60770
252.52432
238.57599
238.24399
241.95595
248.29346
251.50638
256.87506
261.21207
272.98001
281.42801
283.93936
287.48224
304.61942
305.29315
303.67621
316.81708
326.63617
329.77725
346.81042
3.27827
10.37534
21.49371
25.07780
22.57072
16.50854
13.69109
8.51016
7.47255
11.94951
16.28535
14.16339
13.28775
13.53490
15.53302
6.73508
357.09430
349.37854
337.42755
321.00931
307.41882
295.85812
295.23349
294.96497
306.47873
299.30936
293.89316
289.10489
283.47781
277.60516
266.49203
257.81586
258.72415
267.18442
278.40466
290.77728
297.80173
301.50897
304.82111
309.04123
312.83810
313.45233
312.61340
314.22467
318.64615
322.93036
326.05768
342.02109
343.14685
341.04041
333.98227
340.44714
344.24341
348.50580
347.97028
346.35483
352.41290
6.61511
21.03149
28.38611
31.11586
38.64265
40.46272
32.45303
25.19809
22.66974
24.31018
24.55219
22.91257
19.61023
17.40454
19.91663
18.64972
11.76593
4.30919
13.01602
17.08058
11.81789
357.69876
349.11359
355.37836
13.50684
37.91501
63.58784
82.87129
93.12462
98.88735
106.18458
107.70737
107.85976
99.83454
86.36552
75.85132
64.83715
58.37977
50.27856
60.69273
64.90451
57.67403
54.06848
49.96854
44.44925
40.33421
38.05211
45.80869
53.09920
53.45776
47.06882
41.86491
38.68698
39.58223
35.00534
29.78078
26.59351
29.71344
35.12201
36.48784
38.13327
39.98677
43.06314
43.86443
43.93893
42.62943
37.65022
34.74399
30.45705
26.51538
19.65149
16.32294
14.68695
14.14516
13.56145
12.39647
2.18484
340.49841
327.60019
319.45126
314.82776
311.07764
309.38867
310.72656
311.24402
310.20007
309.75812
310.69293
313.30554
311.64178
306.50269
304.84769
304.11438
301.26462
300.53870
305.16562
312.85141
320.99075
327.16022
333.08911
336.49054
351.65637
351.09528
349.69739
347.27643
347.33362
345.63477
342.15784
343.70676
344.93640
349.28436
348.25494
342.20245
350.44836
347.20200
344.51550
337.61359
321.15729
308.14502
319.55930
327.77643
327.13092
329.96289
329.40329
326.87323
328.10104
325.33850
322.14191
315.69067
310.18042
306.28201
300.47797
295.68997
292.07809
287.57962
287.90677
289.52386
272.18021
273.76538
278.57953
287.61267
296.24548
299.90048
307.20483
315.36469
321.79910
330.45190
333.76984
335.49661
335.82404
335.41980
333.03076
326.36249
320.55426
314.01825
310.76312
309.68994
308.70642
312.68002
319.27155
326.03076
321.50171
323.20282
324.83490
326.62366
330.20966
334.19437
337.32947
340.85828
343.11493
349.08423
350.01147
328.69342
303.68036
283.64279
270.35651
262.52081
255.92110
257.15985
262.21240
267.38361
269.93182
274.92334
281.59045
289.98859
287.12436
290.06311
291.66122
291.19159
294.88187
298.57349
303.78732
310.97174
318.15079
322.51306
324.78943
323.09985
324.12192
321.74304
319.55325
313.92279
309.28485
306.24289
301.93442
296.80011
293.53467
289.75937
284.56729
281.94958
281.59982
274.65039
276.83014
271.13849
245.83136
234.17729
239.07951
242.94000
241.99628
237.36351
227.89380
220.70372
215.95238
195.80423
178.99716
166.32303
137.96320
125.78119
116.59165
110.46458
99.45023
85.91237
84.77979
84.16231
91.57455
102.22842
108.88029
113.22473
103.77125
84.94882
219.51105
236.37207
246.19122
262.73395
278.54837
290.58459
300.63696
313.91943
321.24252
321.38123
313.58301
309.37616
308.04553
302.45914
303.67004
301.89200
301.49826
292.53555
290.27228
286.29938
281.73785
273.56448
265.92334
267.68011
260.03931
238.97812
228.16586
227.63745
232.88097
231.79146
232.64914
227.41098
222.35413
220.46616
223.02393
226.15117
228.30487
229.93796
229.69981
225.47903
221.37045
233.33047
246.51494
262.05826
272.86700
283.69403
283.30811
281.58777
278.79959
278.28592
277.43753
278.64548
282.96304
290.23267
299.29031
290.75064
293.69174
300.88266
309.80151
314.43414
318.76028
322.80273
325.96216
329.43213
331.74506
332.39673
325.68066
328.45978
329.11713
329.56256
326.42816
322.41370
323.79407
325.80093
325.60538
323.97296
322.29697
320.95038
315.60748
311.95911
303.12296
293.19684
283.08228
272.02838
255.57080
247.34192
224.86374
216.14410
210.36145
200.60542
194.01387
197.94373
202.08517
213.95407
222.69775
232.34323
233.79108
232.26614
252.06242
279.18561
288.09955
285.78372
285.91003
278.84201
269.42059
265.72845
264.14691
263.97235
265.04852
267.41199
277.30347
291.47302
300.46802
301.12363
307.50983
317.32584
336.51196
3.69949
6.70862
3.12463
354.99976
335.44250
334.19147
328.91974
320.46423
307.26544
296.08606
285.19272
286.57785
288.47925
287.70020
285.01611
281.46985
278.84714
275.33795
270.50528
275.83923
272.84418
269.73096
270.60739
270.80893
280.67749
282.40631
319.32056
90.47919
109.92463
116.95776
126.91059
139.84657
150.69922
174.67706
191.64651
209.59981
216.72166
208.46887
203.45200
198.32005
181.31281
167.76904
161.88669
156.18237
157.12558
137.42070
138.01471
136.29884
136.18561
122.48090
96.55312
87.20203
88.94411
86.83602
84.46150
84.81221
69.91430
58.83664
57.51658
59.10320
56.41517
51.48476
50.92796
55.74135
60.84293
67.69888
73.75343
76.42696
74.33634
71.64269
67.33964
61.74409
59.76934
53.88061
55.92432
55.66280
59.16624
65.42194
66.75516
64.19451
58.74908
59.75311
61.37087
66.84980
57.17502
54.21995
58.96146
63.48168
57.42918
63.22660
62.64165
58.46002
60.00042
55.48022
60.28996
52.84840
48.42555
40.73474
43.46121
45.62590
43.93921
46.70847
38.17142
33.79106
27.10176
22.18051
17.33702
11.49603
6.01593
2.87155
1.31659
358.34534
346.76917
345.40833
344.76700
343.93298
339.58344
336.39795
338.20654
338.42010
338.56451
338.53494
339.49310
339.77686
340.22198
341.38547
341.95721
341.64859
341.47522
344.67108
342.30151
339.17578
334.02115
330.89093
325.62384
322.90149
319.49017
319.03946
316.32477
315.82758
318.19666
316.31619
301.23373
283.64069
271.08255
250.31082
217.40756
215.53442
224.66644
231.54700
234.53778
234.14790
230.46913
227.89136
223.00179
216.04372
209.26892
202.65257
199.27159
195.58568
192.32021
191.14076
194.34886
195.22684
195.80742
196.28842
200.12608
201.54929
198.53088
192.97037
190.71931
190.19730
186.33437
183.46043
185.75951
189.35255
195.06004
202.19725
207.09648
213.95621
228.76457
245.01724
258.38297
265.91571
265.43225
260.54199
255.61096
247.32222
236.38454
221.04868
215.86639
210.49246
210.29631
216.36729
223.81320
236.59979
261.89514
269.83521
248.49112
231.53328
225.19414
221.64545
215.80986
207.36465
196.67206
187.82504
181.18840
168.86394
157.51730
151.42453
156.18126
166.04759
171.25266
189.97438
195.20866
193.57664
191.45737
182.69200
171.94016
169.87035
172.70959
185.56235
196.71698
203.08846
200.11865
182.51015
183.00977
190.34802
196.48555
196.92357
194.82550
192.17032
188.68901
181.70116
171.93472
166.47047
163.40315
160.42062
164.51480
166.85599
166.50893
157.43274
150.05785
148.48358
149.34013
151.55687
160.33073
172.96635
181.18793
182.81981
215.07726
233.39958
231.14230
225.81555
224.61772
229.52577
223.29062
234.34055
238.14499
232.76236
228.45200
218.50551
193.55446
192.68170
182.06245
157.29893
146.86012
147.51807
162.95790
162.36874
155.94583
151.67876
151.39488
155.09657
160.21461
165.03563
171.58055
168.53877
169.26044
176.13893
206.54518
257.87350
294.96326
309.63235
318.17035
325.22540
335.55008
349.82999
359.60733
9.76144
13.15434
10.49524
13.34106
35.84837
71.42126
76.15492
31.51251
49.32771
67.47361
71.66418
57.77244
52.96741
55.25775
57.40558
43.12901
26.88254
16.18828
12.12038
8.74690
17.80141
15.51230
351.25085
342.92389
345.74747
342.60016
340.84229
349.50488
348.83118
353.77502
357.48401
359.64697
0.60832
13.59084
17.71638
13.57224
11.54269
22.90611
22.93071
28.14946
31.81422
32.67577
44.01131
46.45058
32.19820
21.07385
15.43135
338.52060
336.60504
346.76251
353.36743
357.51538
358.49231
0.06923
359.99930
358.21072
353.25336
0.06619
358.53949
358.02539
359.17490
354.85339
351.46411
355.90955
359.15851
358.57739
354.83478
351.01083
349.23260
352.40900
355.21335
356.33191
355.91071
357.67502
3.46216
7.23259
7.02492
9.07945
12.50505
12.13629
13.73723
15.04942
13.18094
10.13560
8.81151
7.38138
4.49754
9.98198
11.71783
11.94574
16.89392
19.23938
14.24623
10.83054
8.06693
5.29393
9.65167
15.28490
352.90710
348.92914
354.51102
351.86737
357.22089
353.37518
346.46817
329.08948
313.27496
290.99591
286.49625
280.85431
272.17755
260.37677
256.00186
255.46524
257.51273
266.95120
286.04034
261.12552
243.45207
236.12286
218.74455
205.52065
207.62276
201.89888
135.29054
121.78354
122.48836
106.04244
146.37526
182.77029
248.11859
298.91333
351.29095
11.59871
17.39445
23.94728
27.52994
31.00572
33.36722
31.50383
35.88560
34.94435
35.98671
34.69473
36.93796
32.81644
30.40274
32.18616
32.11511
32.30901
32.79634
32.85181
30.68771
30.25803
29.14880
28.09248
28.34564
28.37627
27.21996
30.50385
31.71490
35.18239
37.60608
44.20796
38.35434
40.74304
45.82823
48.01791
49.12694
49.52705
51.73294
54.62932
51.73758
43.49283
43.38622
46.47516
48.03250
48.01534
53.50627
54.98844
58.22274
61.86100
54.61022
58.48315
67.10393
69.92757
72.44456
71.26789
70.38634
69.72958
68.60861
72.40402
77.31660
76.88096
69.49356
64.30610
67.64261
70.88700
71.64646
69.57396
63.61851
60.79942
61.46410
63.72831
59.85941
56.34306
56.14816
63.27459
63.75847
62.30608
65.75177
72.67455
68.96741
63.04757
64.89079
70.15766
70.34679
63.04358
58.65590
60.07338
65.00051
69.32674
73.43198
71.30344
68.17651
66.99412
68.80045
62.58977
57.35303
60.24267
59.57497
61.95210
61.40554
66.34719
64.93814
62.65427
66.12270
66.40797
65.57909
64.34653
62.48466
58.66805
58.79987
60.78635
63.87380
68.88848
71.83780
72.79224
75.85549
78.39624
74.39635
73.34801
72.32281
67.29388
68.99905
71.11877
73.42664
76.02702
81.05002
85.06544
79.82549
80.61753
79.29205
84.12353
83.66653
81.80421
82.89800
80.93515
84.54180
89.46423
91.94039
99.79149
150.97452
191.47423
319.78577
346.50726
355.40695
359.11951
12.91896
35.53897
66.32394
85.21520
90.62511
99.41078
94.05746
101.72587
96.10455
81.70232
52.24504
12.75858
352.20532
338.07544
341.74603
291.06140
286.06772
279.09473
306.44861
330.32184
350.59003
318.59027
257.98062
264.67963
274.73538
268.19354
220.67703
161.90324
176.37219
197.93613
175.90100
187.48061
185.37631
161.00272
154.40442
130.92018
119.77357
115.23959
121.85800
129.95044
137.65417
140.19559
150.02846
135.33911
128.30702
122.71365
119.87817
123.44005
126.13559
126.65656
129.30348
133.25961
139.47638
136.67854
153.14682
161.10939
158.16127
148.32295
145.21249
138.13931
139.53754
139.68576
145.15347
154.40497
156.33607
159.29398
165.44008
168.95712
189.32420
201.65022
195.81345
201.63579
217.27277
215.79716
195.60535
195.54771
200.68423
190.62895
186.74753
189.99458
195.91827
208.42207
221.13771
216.46387
208.41164
198.75935
191.74049
190.93558
195.71768
200.38708
212.44284
220.31189
233.78302
242.42184
237.71773
237.38770
257.28192
269.86395
282.10068
262.20712
250.59424
248.61253
256.37610
263.20251
274.56454
292.65979
306.23965
316.73990
328.19769
337.93518
347.77740
354.50925
353.50974
349.92090
342.85025
339.30997
339.32178
339.38260
339.27838
337.13684
339.96591
341.92078
345.22382
343.96246
337.19598
333.97321
327.34866
326.90289
327.60635
329.88684
330.44055
329.36749
328.63861
333.66675
344.69113
357.92944
6.01707
10.29558
359.19086
355.44543
343.76260
335.41037
336.88940
341.79526
354.22473
9.58777
6.44585
356.52725
348.64554
343.25925
337.61356
304.65884
297.50470
285.48471
280.70114
274.12549
242.65662
244.80453
268.33884
270.44336
266.35474
260.19751
248.99692
245.52974
246.31853
255.68509
263.87161
272.86169
277.33087
281.12799
277.93240
273.92505
273.58081
263.24536
254.96259
244.86154
239.11374
240.11316
243.18176
230.73595
242.95352
260.07468
260.25278
262.54248
269.21222
278.88409
285.57706
290.81821
294.46802
295.37137
294.46063
295.90405
305.42664
315.33499
317.92938
318.87830
318.54968
317.36823
317.18475
317.39929
317.56830
320.70062
319.63120
317.52762
324.52960
333.66626
351.14429
31.04156
164.65208
196.36925
217.40982
216.92540
212.99866
217.10043
221.41470
223.87001
222.11443
220.76776
225.50053
244.44189
256.04034
258.04825
243.63998
243.96338
243.56516
245.10623
248.80074
248.48291
239.57536
225.66751
220.77637
222.02577
225.96396
229.10764
227.28394
236.29730
233.59938
226.19769
225.67831
236.32030
247.76776
256.13724
271.77933
284.00140
279.61655
273.14276
262.92999
256.29053
252.80713
248.89471
246.20871
233.91028
207.92412
192.77299
197.96457
208.56612
211.94601
218.79063
228.93231
232.11432
228.11792
225.62732
225.07945
220.46350
217.07794
218.30751
219.53076
231.96767
241.85815
247.66031
242.94040
239.06735
242.34888
248.38077
249.84274
249.61575
251.38905
253.36758
272.79044
305.80957
316.62280
308.96402
299.03317
286.52158
278.28320
271.40930
278.49564
294.05481
311.84494
313.63937
311.41406
314.19104
318.31805
325.10480
331.79977
331.55185
333.48706
327.46579
323.80493
326.84708
330.18207
330.50705
330.06378
328.04553
328.58997
326.68707
317.48978
312.40341
308.02869
306.20267
306.00854
309.17822
314.95349
319.92883
320.81543
321.93893
327.62030
330.13495
337.89514
334.44720
320.94025
314.13922
312.63467
315.72040
3.08621
134.43869
148.80252
160.03165
168.20567
173.46040
181.33447
184.79987
189.54750
195.31609
201.31779
207.56332
210.70100
218.44247
224.28592
227.75949
231.36807
232.79810
219.44125
219.02245
223.16420
228.83478
232.35735
220.62650
207.47099
201.17172
202.39786
204.51773
205.13460
204.12447
208.69630
206.55176
204.82407
202.47269
199.21626
196.35693
193.95715
193.89062
194.55988
193.49309
195.18938
204.03210
202.68008
206.55954
209.39948
212.94275
212.32401
206.58919
196.71658
193.19182
197.69272
199.52654
197.06287
192.02818
184.64729
188.78925
193.71362
199.92349
201.55318
201.05444
202.88226
205.82393
207.96036
209.13693
206.72662
211.17812
210.92172
214.21220
214.93787
222.63315
237.60199
246.78430
252.77559
266.36838
295.26376
316.30963
323.07343
324.94220
331.24445
332.43863
325.44885
329.56064
325.71353
323.70047
328.55197
334.31683
335.83478
333.22803
330.02966
327.52689
328.52048
331.44214
334.24362
337.29468
339.23376
339.85785
332.33243
334.12207
337.58459
345.66235
343.72305
335.78040
323.32303
322.15176
324.77985
327.55899
328.58472
329.02747
328.42062
335.40332
339.19739
351.31332
355.89087
356.21335
352.95273
356.11127
3.70454
5.86198
2.98160
359.48538
356.53647
354.42786
352.08261
349.90628
347.17413
346.34302
345.36194
346.71732
347.85907
345.05261
343.94238
344.80939
345.46637
339.89215
341.58710
340.67175
340.34778
338.79968
337.63947
332.50610
330.64047
330.17053
331.08856
327.28104
324.34302
317.16351
313.36383
306.47446
296.14532
284.58145
269.06903
263.73358
261.44888
260.17529
257.47519
248.31479
239.77963
235.37909
228.21349
226.41736
229.81958
233.78354
242.40695
242.14813
233.48964
223.50558
216.83255
201.89801
199.13213
203.80963
213.38536
233.26309
271.70474
291.02292
286.25970
290.05054
291.76398
287.13846
280.77386
277.12512
279.10040
283.24902
278.75992
273.31158
274.36356
276.03894
275.74179
274.90311
273.41608
274.17065
275.04633
268.42767
265.67847
266.16437
266.19043
264.90668
264.21225
259.95224
261.70081
261.45221
263.50128
265.01013
263.00055
263.36865
262.01208
267.40326
269.81143
270.78589
277.94272
279.51202
276.54959
273.59930
270.63989
272.71255
276.80850
282.69116
283.60492
283.94366
280.59128
278.85617
273.80386
269.00067
276.27292
278.79596
278.84824
277.63824
277.35486
277.49393
281.81949
282.34717
276.14703
269.45001
269.57639
271.26465
282.37341
283.97278
289.91846
294.97025
300.51788
301.04169
296.74750
296.03986
297.36172
299.45117
297.81146
295.72937
304.11377
304.13428
301.48785
302.06116
304.12994
302.79269
299.87750
302.60263
301.52252
299.46198
298.09204
297.01047
304.70801
299.33234
295.52985
295.59421
302.24738
302.67868
295.29422
289.61737
282.94641
284.10583
285.52765
286.24918
286.55334
287.98163
290.01083
292.31680
293.57401
297.55396
299.17996
301.51648
308.19095
321.88898
327.33893
326.59518
334.32874
332.40448
330.99030
332.66531
329.52942
322.89496
323.47815
325.65619
325.82288
328.38068
333.49750
340.66742
348.31519
349.11041
352.97064
350.37317
346.64050
344.56793
342.89722
347.52841
347.96207
351.82672
349.73636
345.69092
337.95966
332.61664
330.98474
328.64404
332.18457
333.06201
334.40094
337.39767
339.84418
338.17059
331.84335
312.75766
295.90417
276.02856
266.37668
266.82281
272.91357
275.49698
276.56317
287.01273
292.14545
294.21881
297.45935
303.61157
319.72192
324.07825
320.55164
321.31836
323.34979
319.83514
318.50937
340.40936
344.34375
332.51422
333.98291
342.34607
356.15454
359.17279
2.82964
5.07060
12.19583
18.25896
28.30386
32.04768
26.31972
7.63721
359.15503
6.46693
15.30910
17.39407
14.52557
17.63927
29.09442
42.38998
50.84950
65.73728
78.26676
85.20115
84.42629
82.38125
98.99953
96.01626
99.55908
110.12572
126.74823
141.68654
135.99969
136.23283
139.87692
153.09290
144.66165
131.01826
124.50603
120.09564
122.74216
135.02582
140.58099
139.00258
123.46834
110.03387
105.13286
89.61193
56.04417
53.67237
64.79852
68.51086
64.59237
59.54709
54.14339
48.13959
49.72816
51.01924
49.46243
46.49110
39.62700
33.69066
30.04733
28.76953
25.82045
22.29010
19.77541
18.15086
15.82993
12.35828
11.54425
13.67780
15.33386
11.59218
7.62573
0.30046
350.60202
338.15912
329.22662
323.59418
327.50885
330.04926
326.18057
328.02121
326.92725
322.60168
315.02933
311.12421
310.45096
308.98785
309.76294
311.77194
313.88608
310.74091
297.15070
290.48904
294.16083
302.28821
320.15723
323.19067
318.05426
308.54846
291.33286
280.89102
282.11163
296.99341
314.64227
323.22980
327.20087
334.39734
349.85718
343.83835
343.38013
347.50043
349.83563
349.12680
352.52844
357.32623
1.38791
2.20316
353.48535
339.99622
343.98242
341.11981
337.55414
344.25787
351.41608
353.32245
355.75641
343.82660
327.13330
321.18311
315.80035
312.35852
296.73773
288.43793
283.32327
285.10437
284.95099
282.63156
270.36765
251.65639
253.86009
264.00006
272.23315
276.90814
302.87527
238.28558
222.44644
223.02592
224.65663
224.73788
233.12144
244.89523
240.77747
227.78928
215.72595
209.84265
197.84613
189.31459
177.84445
165.48883
172.37378
194.16878
183.96620
88.70016
74.40545
67.69433
53.52876
27.56248
1.43608
335.51788
319.27167
310.99835
303.89355
292.12952
284.74310
284.47324
280.02563
276.37823
273.32074
273.20749
278.04395
273.53043
267.63574
263.87067
269.58856
262.07535
260.26425
258.19403
247.97388
242.41293
235.48172
227.56674
221.64006
215.49861
205.97649
197.40941
193.13065
193.22748
197.95372
210.77786
207.69693
214.63956
222.05887
246.71700
255.78418
256.69873
265.38708
266.07623
260.92236
259.37799
262.52408
255.19359
252.01988
243.17274
233.57954
230.68520
231.90942
235.40950
236.05798
232.45044
231.25592
230.58228
244.17557
242.51984
238.23318
241.22342
242.56036
242.36218
239.39005
236.52379
234.76024
238.18771
242.38359
247.46631
239.10663
227.63864
226.65579
240.41589
245.55057
248.39468
238.41907
239.56990
240.71712
242.59024
243.65144
244.92474
253.25912
256.32925
235.34616
200.90584
207.92157
211.85339
212.86166
190.75266
169.83350
160.61601
159.00288
168.60414
114.04286
114.17718
118.00221
125.82404
135.32399
136.19083
138.10010
132.89204
131.32185
124.21168
138.90399
146.96167
144.42145
134.71275
125.98846
120.63289
131.49026
128.63226
138.18886
148.81981
153.51373
155.25270
168.06505
90.11091
57.23518
49.80505
51.77324
49.03297
48.13528
327.46814
314.62390
326.04462
342.19226
351.38593
353.59607
0.00748
8.01111
20.44373
39.93352
57.03738
62.27795
70.71110
93.64542
111.37260
108.51752
113.55713
120.15658
115.80161
114.64075
116.08511
119.73045
122.94833
128.07578
136.69376
132.59041
124.34564
124.84898
130.04385
131.26503
136.08398
145.90935
153.68817
163.65901
175.62379
187.34192
181.36826
180.45915
183.11211
185.81726
189.80927
188.76251
172.38663
162.37570
169.23505
170.64676
176.09915
179.60974
185.22311
190.63135
189.09251
182.43117
180.01790
174.50583
171.06241
184.99019
203.85172
217.52150
223.91377
232.96802
255.43588
273.10486
284.02173
284.99106
291.86884
298.78024
300.44595
298.55710
294.32458
284.43277
269.16431
260.80820
258.19107
259.76819
264.54742
269.03607
268.65213
265.16418
263.34711
269.09247
273.45367
274.48413
270.53317
275.19067
280.49542
273.10657
266.44138
263.46649
263.58594
261.94727
259.71301
245.99167
237.42389
232.04533
230.90732
235.36563
241.35347
228.77435
226.43359
228.50327
236.18526
259.48349
292.55655
310.03491
317.33130
315.16510
305.09424
294.98334
300.59531
300.26639
306.88437
310.92160
315.21490
320.12759
322.40073
323.34763
317.96225
307.76111
303.25369
307.46814
309.32803
311.26514
317.00085
321.52057
319.73285
316.79980
311.60486
319.38428
323.11230
327.20486
329.28339
332.53433
330.70844
328.78229
325.15070
320.45972
316.46936
317.34412
317.70667
319.53613
327.51233
333.48944
335.04684
336.65387
336.73416
334.99341
331.34729
331.29297
327.67932
320.22345
311.84686
319.18396
321.65643
318.63904
319.95886
322.82343
325.34088
326.04163
321.58932
318.23010
320.57266
321.12933
322.89392
325.28967
322.91577
326.61188
326.42413
305.18573
281.38583
257.62366
258.17188
258.29736
258.26224
266.93295
287.30627
321.19543
356.12695
19.66402
25.74551
27.79810
21.66107
22.53578
355.83109
322.46432
325.78952
337.10529
356.41882
38.16266
69.18057
101.18789
135.43047
159.66040
182.52533
188.86496
199.86536
197.32091
188.62579
194.82602
187.57780
181.56653
179.66708
186.07773
205.05283
232.94034
259.68466
283.39929
276.81573
268.71790
266.41266
263.89331
256.12878
248.14603
248.87120
243.24435
245.24599
247.00946
246.93872
265.92932
266.84778
269.04749
271.85483
286.01218
298.62976
308.85330
311.31519
314.80078
317.82355
312.63550
309.72003
312.17712
313.13202
312.97595
316.04657
320.70950
325.20630
334.84662
344.68524
352.53821
354.52386
347.37555
322.75964
318.88147
308.15512
318.90079
335.76367
350.96844
9.90576
40.96048
96.32318
265.81903
292.17200
310.48431
332.11609
330.07965
321.09314
340.76883
355.01617
35.87378
47.43559
349.76755
0.97177
31.33868
56.02858
70.75689
79.57766
86.23888
81.28994
90.49542
88.06055
80.71840
74.98636
74.13809
81.04658
85.44566
90.68047
96.10841
96.53716
100.57791
105.76374
101.08573
102.23125
99.08812
93.77270
89.34703
89.89256
102.13772
111.51656
116.42915
121.26257
128.93549
140.73225
142.74448
144.41481
144.46852
146.76230
149.82356
161.54500
177.21968
182.23311
174.78781
155.34995
162.90530
171.25980
185.26900
194.96387
215.73889
232.72289
201.85442
199.11827
206.38257
193.79890
195.11598
210.26788
235.12411
261.61371
308.63672
355.93860
52.62353
82.24718
114.33219
136.49763
153.95093
156.20325
155.77846
160.72060
156.37981
161.56012
174.31082
177.02148
180.00548
190.06911
218.64757
217.82567
226.41681
250.23599
260.00543
254.94957
240.48457
228.34843
220.93643
222.73125
224.90018
222.51674
227.58324
232.78256
235.67502
238.01457
236.90353
236.77887
232.81514
240.14549
239.42474
243.73343
245.39087
243.69675
243.25319
247.07956
249.51265
250.36819
244.72214
236.51524
239.10332
241.37677
244.18256
244.29507
246.27345
247.24434
253.38242
258.64780
256.63165
253.56262
257.66333
256.85666
247.09351
244.85309
249.94479
256.56519
260.24548
264.02283
270.79312
276.97058
274.09460
269.57770
268.98965
270.35712
270.87375
268.34021
264.59976
258.27094
257.56738
257.95041
259.73016
257.66870
258.47021
261.06635
259.38672
251.66736
247.11961
246.82156
243.53354
232.34659
248.14398
275.20758
256.30466
246.85138
250.78302
260.78308
257.13239
254.74864
271.36942
280.82050
288.13303
286.07657
286.67429
294.69781
304.47910
306.38776
298.78790
297.65326
294.91846
293.50284
284.49097
281.69116
284.06509
286.45593
292.90332
298.79163
299.31271
286.89072
263.66397
247.07513
232.93050
223.97784
224.30914
222.91040
217.01495
217.22107
220.66771
216.56989
219.06071
222.96057
229.76465
225.67538
225.39577
225.33398
229.50989
228.92874
241.91885
244.72446
254.24338
266.55585
276.74664
276.79736
278.15045
283.74060
284.05988
285.40570
285.21069
279.57056
271.57620
267.32266
269.23953
270.38193
274.61633
287.45581
294.77542
292.20111
292.70151
300.15048
302.31158
294.85974
291.42117
286.87222
285.18274
282.06738
274.41772
269.42294
257.37720
249.27420
261.36725
288.47809
286.07669
238.28018
219.59354
236.60791
222.81554
321.75012
23.97206
66.38838
82.28192
103.79233
112.16175
121.33038
137.84546
134.01541
125.52281
125.52177
113.67525
98.04908
101.28364
115.91662
79.34985
64.28764
60.30711
50.75177
43.28967
40.53979
33.90759
32.65468
41.99168
51.54265
48.46016
44.75946
44.90973
52.84122
59.05804
62.66984
49.96861
50.82878
46.19795
43.49681
44.80325
47.77539
52.83295
49.47620
43.79784
38.27744
35.23891
31.71661
28.42386
21.79997
19.03539
19.18034
21.02242
20.32715
21.19786
24.26685
26.13147
33.69527
37.20729
37.08945
34.20175
30.63994
31.03331
24.02640
19.01440
19.14288
12.81850
9.30029
7.78679
6.12770
9.03899
11.92694
16.80350
19.78554
22.76083
17.53738
7.42284
358.41882
3.38492
8.00934
11.15431
15.04976
17.51437
17.63777
13.31964
11.17636
12.50681
12.31627
14.07494
16.35669
15.23865
12.37910
13.50633
19.53242
26.80649
24.73758
16.52545
13.53418
14.47908
15.10732
17.21089
20.19487
26.00502
31.08961
35.44687
37.75056
44.39218
46.99744
46.65866
37.94867
27.50328
18.37021
19.15422
19.01175
14.09117
3.84737
5.30103
11.51050
17.61157
22.98885
28.54005
22.52415
20.24675
16.90726
10.86449
3.87259
1.02443
0.09348
1.97514
5.73621
5.76091
6.15446
342.39960
338.40057
341.03436
346.47443
350.66815
340.76315
303.69867
294.81897
301.96594
306.38013
309.84521
308.09650
305.26294
303.29196
296.02502
289.14432
288.12140
286.97540
291.46259
292.92935
292.40714
293.98828
308.96515
316.57452
315.33502
315.79254
315.94189
315.96399
318.62372
322.81766
325.21542
326.84152
329.33105
334.77737
338.63007
342.69159
344.11884
345.86090
349.91632
3.25658
20.48714
34.11057
48.24454
49.65935
47.62456
46.28008
42.54388
37.30296
35.31067
34.68898
31.25832
29.49541
32.19838
31.31297
35.41054
41.71284
49.81516
56.81539
60.96479
63.77084
76.15491
74.07326
64.10348
55.03683
54.93353
61.29529
68.32901
68.24248
56.92100
51.22797
53.85458
55.87246
47.08621
50.02460
46.27388
43.29370
48.85504
45.72278
35.01971
29.88882
31.91971
36.34761
29.64407
22.45770
9.26663
0.33272
358.27698
0.13644
5.14969
354.42676
351.06390
345.37903
348.83340
347.50940
342.80112
338.36246
336.88062
340.33099
343.09900
345.61823
347.31604
350.01990
351.07391
350.14117
350.67633
354.26624
355.50223
351.13232
339.46783
330.79858
331.43216
342.22879
355.99854
8.06062
29.03258
35.05640
33.63448
33.04233
34.01190
32.16757
32.69179
32.00467
31.65831
34.07202
39.82257
45.25612
49.41420
52.06131
51.95062
44.66040
35.52411
27.91573
21.23215
7.37683
356.82748
342.52328
333.62280
337.41953
349.59460
349.81927
346.53745
348.66925
349.69360
348.21228
344.38782
339.30347
339.10181
339.38806
339.41998
337.20151
330.43207
320.86060
318.70123
316.05115
303.48685
302.29071
327.26953
330.67188
284.65897
281.36938
298.31708
312.09604
322.65295
337.35547
344.57977
345.39594
354.92499
358.04694
1.67596
2.88599
4.53125
3.19083
1.98283
1.61369
359.35406
349.66809
346.71240
348.34485
351.24332
357.08286
359.22638
356.28506
353.53333
352.36407
351.21252
352.68054
356.93250
353.38562
355.11053
10.17233
15.55255
16.01489
12.84833
12.26265
8.45496
8.72440
7.47188
12.26295
3.91214
344.81638
344.52716
1.55092
27.78941
74.24640
79.08564
115.98152
137.06161
141.65353
142.10272
141.55637
146.49080
148.81049
143.28830
142.23003
143.73312
157.79054
84.78221
98.54060
120.96994
146.74725
157.64845
216.30569
263.42273
264.23981
243.16438
240.48611
241.02705
244.36829
246.77931
252.70682
267.51355
273.90027
264.77832
257.04288
268.57736
270.47922
170.87778
187.41362
197.48499
206.59395
238.72963
231.15405
225.23058
225.21780
229.64493
234.04100
224.56206
174.82860
166.23592
166.80173
165.13304
162.64610
163.73584
162.14687
166.57127
175.20648
181.38348
186.32410
186.31638
187.12956
187.30246
187.26468
190.32346
197.43094
203.98166
198.00299
187.96808
212.34650
226.72176
235.02051
248.36607
266.88742
289.62744
306.07559
314.33609
321.31323
329.63208
333.43518
338.40939
343.57950
341.64566
342.68924
347.18042
350.30212
352.01984
334.90088
319.96451
324.74371
344.39478
349.88150
348.54330
340.31815
340.34058
359.50238
25.84503
40.60927
25.99438
6.03114
0.24110
359.63336
343.55884
2.47926
19.01407
31.08414
56.12430
61.88354
71.48982
79.72684
91.31625
102.41978
106.33358
99.80710
96.11742
102.71613
122.49696
145.42558
162.18155
171.38753
143.67554
68.53611
69.01960
64.55080
95.69329
101.41319
99.64371
102.77876
132.14394
133.86601
127.39198
117.07756
100.60384
95.14452
106.39388
112.60796
113.20599
110.62042
110.96564
128.60802
155.22188
177.34409
191.04486
170.10506
143.29672
125.26829
124.05331
119.83801
122.27452
138.99162
119.98252
105.76273
94.26733
81.11012
87.99081
94.31338
98.78766
100.36827
104.54803
106.59965
109.17217
109.98428
116.14218
120.46576
124.54167
126.55893
126.55134
133.48833
106.87857
94.09962
110.21014
119.67551
118.29869
110.99725
109.49268
109.48169
107.18188
103.02618
101.32928
105.91335
115.87857
124.89706
129.65808
144.34595
155.51765
161.16019
160.93488
171.59290
186.17146
195.00786
197.52583
195.62807
189.48270
181.51810
186.31181
191.27563
179.65573
164.66273
163.52208
150.86562
131.57706
133.70389
149.57639
142.68967
135.72946
133.15471
132.52605
147.77194
164.91043
169.22310
171.37488
165.63652
166.62331
168.40987
173.46484
179.81021
190.05952
192.60007
176.28346
137.52356
115.26572
109.82206
96.48406
88.33292
98.89061
102.49896
105.10543
110.89865
128.31627
132.39998
138.92340
136.40482
147.66475
161.68929
146.81732
169.03175
195.87427
228.49300
237.25742
280.62958
317.89032
196.11830
209.42148
242.82149
269.32916
269.45340
277.73596
281.65790
283.05994
279.22656
275.71832
273.47095
274.35583
281.34320
276.94275
264.62042
259.33224
258.28137
251.37366
246.47340
244.11734
243.64032
243.76138
242.91420
247.36325
252.24875
251.73436
250.04224
252.07242
254.20544
255.78691
249.46346
247.64612
244.08553
240.59843
238.23265
243.64795
242.41586
234.92920
233.39111
237.10349
242.50087
253.80292
248.26038
243.22388
242.50996
240.45192
238.97914
236.31703
233.07405
232.09389
246.53214
255.46349
260.64069
263.99756
260.90891
254.93892
244.66347
226.33701
229.10800
245.83304
243.57466
246.44946
253.86020
261.71570
270.90240
296.16132
303.37955
309.95309
333.15198
343.78125
7.22919
151.72014
179.78612
178.76140
188.00781
201.70650
214.07913
245.00018
260.17746
293.55582
307.39038
303.59738
306.88177
317.70566
0.27190
40.07010
38.06506
4.19891
351.85645
358.51407
344.54987
330.83276
333.17267
341.43201
335.43268
310.32153
311.25275
318.44855
310.01862
301.18204
298.98798
299.33636
294.60895
289.31546
285.76111
285.12079
281.86404
283.54065
288.80856
291.01196
289.13229
287.95905
287.50150
290.61588
289.55264
286.23306
280.36194
279.69580
280.75674
282.34100
276.17432
262.65964
264.37793
261.80209
263.22452
263.66272
257.66269
251.28563
239.79576
234.24484
231.39943
233.99492
235.00330
237.18985
240.32571
246.93011
262.26099
301.75708
311.11035
310.79706
317.35071
327.22177
330.31686
334.96735
334.54340
328.23199
313.08148
291.83170
280.48825
267.92004
280.42606
288.75980
299.93106
310.46259
312.45328
323.32599
328.48151
349.28839
12.63237
48.46414
66.83846
62.82616
52.10143
46.93896
41.62257
37.39471
37.58052
31.80455
27.00749
30.18269
31.24417
30.48665
25.08992
17.85805
17.11276
19.15033
24.60049
26.92583
28.09775
27.86668
37.16904
43.21321
44.65562
49.20699
52.32487
43.39313
39.30405
33.59558
32.11148
32.19987
28.07477
15.03467
3.82861
3.23701
2.89188
1.49660
1.45572
5.45859
4.23825
0.47450
355.88989
349.92932
344.12759
345.38864
347.21167
346.03226
351.28430
350.80496
347.41901
352.22864
344.62766
344.02435
342.83777
337.88007
323.74802
295.55276
255.89644
248.45738
240.67021
250.65161
264.46094
284.84460
288.81720
290.06522
282.04172
278.35309
275.73123
265.27454
258.74957
239.91687
232.60043
240.63487
245.87088
252.56978
252.83080
252.91354
251.93008
246.21652
234.58025
231.31714
223.23846
221.06624
228.14035
232.52969
240.96295
264.30951
282.95657
299.37704
308.69257
308.82803
288.97543
282.45825
277.74493
283.12314
280.82510
276.81311
280.66339
287.26526
302.50854
310.25702
320.71130
331.72488
331.80325
325.35742
319.95718
326.88977
329.28519
332.86749
338.16443
334.37976
331.36462
335.64447
340.84259
349.67325
349.33533
353.01440
356.50674
359.44434
2.20625
9.02121
14.90010
13.79808
2.46254
3.34619
7.70120
15.56956
17.89656
8.02505
359.27502
7.96461
2.04155
3.04977
10.49081
24.12471
34.28270
45.73097
65.55709
81.67882
85.94241
97.56885
113.84274
125.62748
129.13043
138.01457
148.86702
154.75688
155.46704
151.61053
153.34561
156.97832
171.45955
176.53654
189.04100
201.18097
205.88022
201.97227
194.89407
294.93365
39.24892
73.99084
97.65539
111.03232
129.65627
147.62344
164.17792
179.22546
197.32375
207.21690
200.92928
195.67853
195.46960
230.18265
254.54666
263.88495
273.57892
282.72629
290.80444
292.15472
298.32687
307.36710
313.48608
316.98163
317.29608
311.17188
299.87070
293.97675
285.64169
285.89703
290.29138
292.28525
288.17310
288.74435
288.58905
291.99640
286.85910
282.90979
279.87027
272.15662
265.75571
264.17557
271.54401
277.44913
283.88165
294.29089
304.53506
310.78983
314.39081
315.17404
310.64142
305.78894
303.37277
305.89087
309.77686
309.70929
291.48563
281.25452
279.36453
275.75348
267.93097
269.07379
272.52429
274.09897
279.95621
284.04184
279.81573
263.96671
255.89214
273.50989
284.96948
333.44879
354.98083
351.62311
2.21370
67.07064
81.91272
239.08382
286.69586
310.76355
343.37262
354.70999
293.61121
22.15353
34.21751
40.77492
25.00157
31.43506
36.89931
34.59752
35.68260
36.19864
40.98007
49.27904
61.56387
80.34502
79.37744
71.81537
69.16401
73.25194
84.18013
96.41325
111.59467
123.06801
132.14529
140.72523
147.49062
148.55106
143.86559
130.88474
116.43088
108.58082
104.50439
95.57901
99.76077
106.59967
116.18411
126.91214
136.67946
135.66597
126.82281
121.36842
114.67973
115.09579
116.48000
117.11974
120.45857
120.90732
118.67185
123.03690
133.37747
115.02171
113.13667
118.20522
126.58012
132.20058
127.32628
89.93295
63.72532
56.62421
60.52830
62.33691
70.99265
86.36272
84.80038
86.94319
87.57685
87.43833
89.83763
92.37726
100.68291
101.09703
103.38940
104.98912
111.71228
89.43586
85.86201
84.42634
86.34280
86.96693
80.36014
81.23971
86.06174
91.06417
98.15530
106.48499
109.23216
122.73248
96.64587
80.33124
77.47227
75.77991
76.06688
69.78972
66.48782
62.84842
64.71269
71.60303
83.29225
84.01971
87.53094
93.58816
96.34665
104.93987
108.46441
98.97375
90.59836
93.01914
101.40385
107.66310
119.01626
100.52097
98.23173
103.23872
101.70336
102.49089
102.04107
107.06968
109.05997
106.10098
101.00975
102.44080
103.95861
93.48672
90.29253
89.68503
89.84555
96.39052
99.20731
95.00392
104.82703
120.18607
127.49786
133.73373
134.88489
104.87968
106.78791
113.25157
104.69608
110.65255
109.70327
115.73549
123.12603
124.99408
125.43044
128.49565
135.83423
150.54501
156.61926
156.53925
152.38448
154.30234
155.47736
162.96185
170.66525
175.49998
183.84047
188.55498
191.99332
191.78500
190.66870
189.28479
193.39273
196.99593
198.72850
199.56105
202.56743
203.82437
200.48965
197.76796
197.90434
238.98849
250.26233
249.60471
281.93057
314.64319
341.25482
348.56671
354.59860
358.67468
1.26123
4.12666
5.07597
17.01251
58.78107
14.62636
322.62302
325.68329
336.71521
344.84628
354.93542
8.34047
3.46469
337.30652
319.25781
330.06696
346.50928
353.68082
341.30554
330.91498
337.02466
349.52747
2.57425
12.98747
19.17766
22.43237
24.90277
25.81979
26.48422
30.54547
29.37599
22.45340
16.60820
18.13757
21.56349
22.13190
22.10770
14.14726
23.17274
30.05640
22.99768
20.23767
18.09750
16.72876
12.85138
5.14656
359.82996
8.59715
20.85693
24.28630
22.89426
11.60800
0.56850
356.83774
358.16125
2.87753
6.15350
10.16011
18.51416
27.15034
35.11499
39.60684
47.03349
46.38177
42.15491
41.16016
40.40340
38.82114
36.76680
33.34384
32.07947
29.58394
26.19623
25.07458
26.60915
24.83080
27.61719
28.84821
29.91632
28.83455
29.63304
35.42072
45.12915
53.03082
60.99603
66.08730
61.28377
49.19388
55.98547
53.18620
40.88902
36.29289
28.22981
26.39709
38.10606
48.12376
51.13847
55.75532
58.11642
51.34618
39.94029
24.28508
22.07332
26.12106
23.35890
41.53546
86.99249
82.36459
0.55389
317.99780
308.01053
245.96596
252.85318
265.77597
278.15561
288.32184
298.88336
306.28003
321.83905
339.00723
357.03461
6.76668
4.62642
7.19324
8.11748
10.67732
18.41228
20.19513
22.29131
23.28853
39.07716
59.58990
92.03651
106.85585
110.72836
127.44873
45.26753
46.49892
58.17012
65.10114
62.14209
60.51514
60.35103
64.23454
71.45857
75.80616
73.73071
89.81734
87.54800
81.45563
80.36809
78.26706
79.52700
77.94294
85.17497
86.92625
87.68104
92.13698
100.81755
128.83934
130.04282
116.82300
85.47298
83.89580
82.06995
86.69489
98.41397
121.13257
142.19180
152.60069
153.02492
125.41621
105.39341
98.52641
91.34276
87.15353
88.26429
88.82088
89.43295
90.90981
91.90295
99.13448
104.64253
108.74534
114.35862
114.98342
116.29671
110.98584
104.56794
94.61610
93.12919
99.75990
108.36684
113.32150
113.93649
121.53033
120.46791
119.19662
116.61006
115.98671
115.66266
114.76762
120.38188
125.30311
124.39494
121.96315
121.11580
125.49394
116.08091
107.60193
103.04021
104.60871
101.97189
89.68073
87.45135
94.33265
97.98692
98.41268
92.68288
93.75723
85.44315
77.25760
78.95971
81.20639
82.32645
85.37385
93.17758
97.28111
97.18218
99.13067
100.44991
94.48226
88.09596
83.89719
81.65994
79.17457
72.27569
68.39390
72.25428
79.73663
87.21530
91.66087
94.88988
103.45075
100.70846
92.12476
84.06618
82.20647
82.65053
82.13281
85.35934
88.81017
88.48857
87.32896
87.85324
73.32549
74.22946
75.56709
80.81598
88.00645
93.26173
102.56192
103.69668
96.81125
88.30369
83.43583
77.72927
86.46653
87.01487
87.29604
81.71810
75.20544
70.59975
67.66208
64.75609
69.62791
73.73086
74.89460
74.74282
77.78670
81.52034
90.02043
98.90540
108.80473
115.07792
116.43876
114.03065
105.96098
96.86124
93.10616
93.49969
100.43790
101.01354
100.76349
101.90928
103.09081
101.95145
97.02272
96.70501
103.66948
104.77107
101.99068
102.79818
97.59953
92.37663
93.56478
94.23345
93.87737
101.76572
109.29591
113.76736
118.80359
122.37764
123.43554
120.06163
119.45058
115.58652
114.88515
114.58466
113.34528
111.77565
114.36079
115.01445
119.42489
119.90182
119.70721
120.44186
118.70660
118.44814
120.25691
124.36282
125.10112
124.35181
126.67386
128.44260
131.13971
134.54832
138.05826
136.30568
130.87973
129.46443
117.77252
116.67486
122.55580
122.54176
121.28926
118.37325
123.25066
128.49995
131.67398
135.44815
132.81375
128.97769
134.97832
141.18481
140.13513
132.51151
129.41220
131.95407
135.08749
133.92957
132.21112
132.45949
132.05762
127.28899
127.71351
131.92424
136.31775
137.42044
136.03867
137.71519
141.04430
139.71667
133.29230
127.61865
118.96330
115.38187
118.53194
124.98512
129.95105
129.17735
130.04543
135.17262
145.11005
152.55313
159.54559
162.98569
169.47876
169.23071
163.71405
151.18237
140.31290
130.78198
128.17010
131.75710
135.93230
137.98061
134.27634
135.08049
149.22560
161.79900
163.10370
160.69144
157.63850
148.87398
141.58301
145.40833
150.23029
154.19394
155.60233
154.35065
156.56879
163.25522
172.00401
175.23495
166.36537
155.44522
154.23166
152.87036
151.72604
152.93770
153.67543
155.60718
166.67160
174.87869
182.73608
184.64490
182.42372
169.27711
155.30592
152.15146
157.70735
171.28732
178.47636
181.10620
176.64618
181.80350
184.56735
187.09200
183.40085
177.57468
171.96260
164.81107
154.77620
147.31262
141.34106
135.42508
128.09721
146.90070
153.73749
157.05116
155.03825
138.17567
129.04320
128.64650
137.21474
146.40796
153.90742
159.19078
166.69173
163.75645
146.22931
127.03476
107.29757
94.69509
96.94407
106.21391
113.87720
114.94714
113.50108
112.18764
124.18805
131.57440
131.89706
129.70203
125.06383
114.74399
110.75504
113.64629
120.60817
124.73830
122.21258
109.22721
87.15919
89.51157
94.26422
92.78515
93.63412
95.67909
99.34627
103.64235
115.50201
128.38303
141.80907
148.14449
144.25110
132.17393
124.52498
122.35593
122.18619
119.50635
115.10641
118.45332
122.49451
126.17229
125.33270
124.63130
89.62072
70.31908
66.73886
73.54662
85.15436
96.26148
98.60204
116.93638
135.17044
147.23639
156.31633
163.04710
179.91844
182.90936
188.72810
198.65451
209.43008
223.25250
224.05873
227.99405
215.62236
202.68768
207.75888
213.15384
226.08728
225.51855
221.79755
223.13264
228.77818
236.50430
243.63225
252.60011
258.97729
257.82779
253.09041
254.36768
256.64398
253.02350
248.20975
245.01788
238.02444
228.84949
223.44456
224.68396
228.33078
238.16945
240.54164
231.39133
241.63121
248.06158
251.25690
248.92328
245.76247
240.33595
233.95088
234.69753
242.10727
246.45230
256.02960
265.20480
262.77243
263.19766
270.36670
276.69397
279.72620
281.60806
285.20297
284.99866
274.49207
270.66754
271.95798
270.69293
263.78699
259.93463
254.46852
256.94653
260.47559
259.45392
253.81595
256.44897
261.40848
264.08237
264.65836
263.05954
263.05914
259.80188
256.13196
258.56488
263.21463
266.38373
263.21933
252.62627
248.88290
249.13957
252.42050
257.09073
251.75974
255.42052
256.50760
261.36606
266.73853
272.04828
272.54279
277.49271
281.32581
283.44498
279.92947
278.99774
279.95038
281.32031
285.73117
285.90143
284.69287
283.89929
280.87943
272.73099
271.65549
273.23233
273.57623
276.87427
276.39474
271.09476
264.23566
257.92346
253.70541
254.07265
256.02063
273.31152
277.19455
275.09589
278.56903
283.08572
282.94977
278.66388
275.34241
272.08319
265.67493
259.59720
246.72160
244.79276
249.23892
250.60284
248.87317
248.90997
259.35803
265.00574
272.46112
285.38611
296.81320
305.19830
311.26825
320.66809
320.60504
311.95502
305.31842
305.98047
304.04855
305.47549
311.75623
314.58655
320.41394
325.40924
330.21835
334.62378
329.15823
317.24225
302.03619
294.06775
304.18918
301.13220
300.60269
297.26184
297.71634
302.99939
310.58575
322.56079
320.77246
324.68243
325.29166
326.05127
325.13055
325.95068
329.93158
331.02338
333.20044
332.20096
334.05136
339.10480
339.53864
337.18732
334.91931
332.86835
339.78735
338.30731
338.08899
336.26221
339.89624
340.30145
336.34192
342.31439
341.50546
340.09125
332.13394
327.38846
326.14099
326.24335
325.06970
320.60114
317.92010
315.12027
308.61176
302.16791
297.05334
294.55911
290.47644
286.16534
277.28384
278.37665
276.13116
273.88770
271.71741
268.47601
266.31396
264.25891
277.57950
276.42410
270.43451
263.47775
256.00995
251.26138
251.87337
253.06628
262.84308
277.26834
283.22067
280.12421
289.63272
304.21631
309.73352
307.43982
292.35471
294.53741
302.41388
310.17584
315.77353
323.94818
328.32617
329.12289
331.22174
335.57367
339.75238
341.75497
340.05139
342.53497
344.20868
347.70859
349.98099
355.37689
358.70410
2.58043
2.87363
2.02409
356.98077
348.39417
345.67990
344.69775
345.32239
342.83179
345.48315
350.00134
354.20511
359.65686
3.95651
13.13617
19.47411
18.23518
5.70877
351.66516
348.12256
346.37442
346.93829
352.66611
3.48679
15.27415
33.19211
43.44800
338.19531
289.47293
274.75201
284.66165
284.55984
277.64899
270.62778
262.22733
252.86578
244.68274
240.94971
237.53838
238.55649
255.56409
246.11301
247.50194
228.09052
209.03893
205.52495
186.77335
160.78966
161.94110
175.53993
173.89990
171.39697
170.95944
161.98169
157.56064
158.16415
158.32263
161.49274
161.12926
155.92712
153.99254
151.70035
149.30084
150.29018
157.54205
161.26819
160.98242
161.30487
162.64999
163.85080
153.71114
142.61572
142.03473
144.45410
142.41194
144.19807
142.82941
136.90094
130.18625
125.95450
121.43199
115.13173
108.29547
103.85405
102.93579
104.64796
105.77326
109.11916
119.69930
108.25231
108.32837
109.31911
108.19495
108.55769
108.95788
108.08450
108.39192
110.94128
108.85186
102.28522
94.68081
77.06637
70.80270
79.08137
79.13296
80.06802
80.81730
82.62012
84.84747
86.48914
87.25501
85.18571
88.48313
90.51591
94.10612
88.91425
82.54465
83.14272
88.37710
89.89023
90.04104
83.43389
80.61347
82.15343
84.16023
83.51254
82.74718
84.12982
87.01978
91.46516
100.83411
115.74783
130.47614
149.08754
160.09087
158.18237
155.32726
151.00049
146.23053
139.30701
133.10730
122.05048
120.90259
118.03635
115.34934
121.75740
138.69633
164.60478
202.87933
307.59406
310.16077
306.60751
300.41290
287.58380
285.82123
279.21576
272.34305
278.48547
282.22412
283.63138
276.29260
274.37747
266.41263
263.83707
257.91888
253.08646
231.78314
203.11549
187.78178
179.00539
175.36903
174.22284
177.89182
178.52267
172.15678
164.63956
165.70110
166.26834
159.81314
161.73039
167.11937
172.40350
177.23140
176.53923
176.75952
175.85336
168.37866
162.98480
157.48581
159.15866
159.10986
164.58029
183.75836
224.72559
256.98761
268.38089
267.10196
253.62152
249.06839
246.75394
242.66479
235.80447
232.29089
227.85803
223.20911
225.67090
227.48201
226.10951
232.10321
238.50354
234.80588
231.52173
229.92287
224.63930
220.53168
216.35977
210.83400
207.39848
207.37093
204.63123
205.06720
211.51784
207.49391
198.57526
191.26523
187.32272
180.79202
176.54703
170.37614
163.72746
149.84027
135.48709
121.21930
101.92153
84.38866
74.87437
75.97955
70.55804
69.07651
70.40881
80.06273
90.19300
96.15577
105.56182
104.93548
108.31287
118.94767
130.47394
139.74738
146.43440
164.18222
182.58423
177.12933
174.03029
175.24312
177.33096
183.53197
176.17081
187.74051
193.15666
198.67564
205.25456
211.02159
215.88989
220.63101
227.86290
232.62970
233.30244
231.00748
232.79965
231.06381
228.85835
228.30823
223.53236
222.12158
224.32968
228.88766
240.19206
239.34589
236.24368
233.05307
229.49236
228.22894
226.42276
226.49167
233.04404
225.33594
214.93806
215.01161
224.40823
239.49165
238.21854
225.90263
222.66376
202.53258
187.30612
127.29417
46.99165
35.39246
48.51036
52.90739
59.75039
56.59563
51.42621
47.01854
56.17154
59.23650
64.40264
74.34286
98.34884
95.97092
62.35421
41.84631
38.25606
37.24928
42.65388
46.96161
53.72086
58.30389
60.58381
65.06929
66.13757
65.23586
66.94779
72.74286
80.57214
81.40479
78.02470
81.63284
88.58234
84.19753
78.36829
70.26482
70.71042
70.95966
69.63023
71.17822
67.06267
65.75950
66.26779
62.49949
74.01632
73.82920
77.26878
74.28834
66.96193
59.23486
54.12558
62.14664
61.21037
60.53492
63.63242
42.69170
36.79585
23.73526
22.48032
23.01010
16.55061
15.92705
20.64523
19.50336
14.16391
7.85364
357.08777
349.05762
347.70941
348.21246
345.27444
337.60751
337.72797
343.31195
343.86877
351.14850
355.41876
352.15222
348.34192
342.20871
341.82013
337.57019
332.76862
314.23920
293.71185
273.10345
267.79324
266.94202
257.77872
251.52579
237.02513
234.70670
250.19975
243.22525
232.79987
220.05984
208.96072
184.80736
133.08344
92.37159
83.05513
74.33250
74.57671
72.39543
62.75528
63.56593
62.63183
49.59996
33.38423
19.36462
358.78204
317.97189
309.53677
306.68549
294.72321
281.96091
292.65707
264.06482
257.24625
257.68250
263.59729
265.16644
266.17578
282.30765
289.16162
290.55600
276.70206
261.93759
267.07852
267.29773
266.67007
264.97806
262.76648
261.36594
254.49667
253.28459
254.12720
253.89877
259.28802
262.09427
255.27274
264.42297
253.91263
241.50977
237.38327
198.08421
109.06477
99.50510
104.51682
110.08987
113.31596
108.53515
111.43757
99.76637
97.09056
87.07456
81.28880
83.35593
83.03602
83.64765
79.56039
69.79728
59.76900
53.16407
47.17838
45.15707
43.47722
36.32304
27.62790
22.76663
17.08751
18.02049
22.76344
14.65144
358.16077
340.81073
323.38965
319.24811
316.54962
322.03860
314.45496
268.26505
251.21371
247.45648
244.13025
241.98991
243.33635
242.73190
219.04411
202.24568
196.51134
198.00249
182.68056
173.26198
161.22327
147.35994
151.74240
168.50385
186.80278
208.09128
214.04865
233.99658
242.62973
246.94063
224.48259
176.48015
178.02669
181.55905
189.89018
187.71332
181.30363
174.49168
174.29033
171.88263
177.40584
166.96448
165.18265
160.72179
158.14642
158.82030
164.96390
157.28506
159.38382
163.68802
173.40285
182.69278
187.28209
195.11969
197.11034
205.78758
218.85167
212.57523
206.03885
202.33194
202.73940
207.57521
175.64114
109.46156
109.95115
102.05930
86.18311
89.06001
100.85733
123.64362
144.56970
156.76965
168.25764
184.77097
185.62598
177.00990
178.81496
167.20982
179.47955
183.23430
168.40492
164.53477
165.75671
171.58597
197.63565
221.74643
231.74641
230.98476
230.27606
230.86301
230.36168
228.08075
227.75557
229.26862
232.48117
236.28496
235.85208
235.74658
222.97543
218.07915
208.51010
172.02238
62.78226
38.84628
39.87291
42.21269
49.38943
57.61209
67.40530
81.50614
82.55972
91.63371
100.44709
111.52747
115.48144
115.54175
111.96947
110.66762
113.87952
117.02842
131.42310
159.80521
169.84244
175.68230
172.67564
162.19579
154.22983
157.89684
164.32613
163.53934
158.18895
154.73277
160.85715
162.51454
163.83817
162.99352
160.06488
158.38095
156.06683
152.07571
148.90942
149.65839
145.76466
159.41785
167.65187
168.31400
175.73779
195.72536
190.79390
179.84492
178.45377
178.98900
178.98079
173.50050
171.48380
173.66325
176.50162
177.33922
174.64832
176.02095
180.20409
187.15921
195.18475
199.42844
200.01959
209.53986
221.89191
236.30510
249.54057
253.28070
253.19958
257.93799
257.51462
273.34607
277.71527
275.65399
267.04712
260.94745
261.92712
264.21716
268.41830
271.04950
270.87671
268.33377
267.22443
263.68271
250.06366
240.18793
230.91498
222.54135
210.26451
221.88959
227.18483
230.01407
239.83952
243.20538
239.16228
232.82069
227.77666
219.18213
214.31468
223.38800
229.43018
235.97360
245.87854
247.76521
259.57471
277.96533
282.38239
284.00531
281.76004
281.29993
280.03046
278.67010
273.36954
278.50235
287.40594
286.01242
276.21625
274.24200
273.38879
276.09103
275.73602
274.09113
273.08694
272.58710
270.03448
265.77737
260.98169
252.78928
251.25082
250.00235
246.60651
245.09717
245.44505
242.25481
237.34583
231.68463
227.00273
228.47330
229.29135
234.71033
227.82649
223.94069
217.00279
209.43951
205.53983
204.35043
208.19084
210.81454
211.18884
213.48067
217.04668
216.42676
215.72833
213.95854
213.03859
212.15225
209.67868
206.40570
203.38727
201.68286
200.09520
203.88356
206.83481
206.66229
205.58876
211.44962
225.08766
244.09297
265.49924
283.92554
292.40594
293.60904
293.21527
296.38617
303.58743
313.57541
325.88501
337.84326
344.03427
346.11014
348.48248
350.40491
351.64368
354.09723
1.36697
5.04744
7.91051
5.39806
3.81625
4.00974
6.54312
6.85599
2.69017
2.88739
7.96397
15.38916
18.11412
17.54665
17.96095
19.94345
23.70609
19.85423
19.09425
21.24759
23.51929
22.06859
18.51282
17.77843
23.67879
29.80560
33.66273
30.21291
29.65253
21.27979
14.88753
13.18622
12.11763
12.12518
9.88878
8.72247
11.72710
18.80157
17.59352
349.95117
295.87793
274.29178
262.61572
257.37701
252.28903
247.07224
245.29379
247.54341
253.59781
261.34332
266.68420
270.58807
278.06180
285.77518
298.62646
308.40173
312.58691
314.94617
316.72906
317.04785
314.65131
309.94485
308.80945
312.00537
315.12012
315.79584
316.96457
315.80142
314.72229
311.70166
309.73389
309.03058
314.13242
322.30713
322.84067
315.68964
322.98453
321.19482
319.28479
320.18500
321.74710
324.44153
326.47107
326.37915
320.73697
316.06323
312.81326
313.17957
307.33444
303.69281
305.39624
303.11511
302.05649
305.64758
300.82828
288.20807
275.27560
259.81134
251.83246
255.28497
257.87811
279.98694
289.55505
289.07800
273.22968
258.90863
260.51642
264.70987
265.48550
264.55157
262.40112
259.65549
263.26074
259.31329
250.24500
241.80397
235.44955
228.86693
225.93794
220.52061
219.21126
221.45825
221.47813
221.53615
217.53473
214.75455
219.20432
221.70575
217.23997
219.16162
225.96069
229.64651
229.55777
225.41577
219.91960
217.62323
217.32587
215.83794
213.65195
212.67316
211.98544
212.39775
213.79402
212.75706
212.00414
214.18112
211.80269
208.52724
205.42038
206.88237
204.87108
204.47485
204.88786
201.28825
202.73938
207.17499
209.43588
209.53300
211.06926
214.10422
215.77621
216.12039
215.05174
214.64688
216.12784
213.16479
208.76524
209.83698
214.21542
216.09920
212.21365
221.15598
223.63702
225.24155
233.14081
235.02211
239.30563
237.57449
238.83981
244.38522
251.46178
256.43170
253.20599
249.67967
250.99167
250.32169
244.16550
244.46014
240.38345
236.50125
227.51039
226.90356
221.35696
197.69406
177.51619
203.04826
243.60220
256.09814
260.68329
266.94159
269.46277
282.00085
288.92206
295.09268
299.51306
304.06192
306.71365
304.72333
312.35394
326.26172
66.93900
149.25006
157.63855
137.63359
81.77888
86.76134
89.40385
79.72933
72.18000
63.70113
45.27258
54.08908
62.82772
67.86371
70.89429
76.89436
75.40849
73.74001
70.55932
70.47343
63.94122
59.21332
52.64193
50.92778
41.52931
32.03497
25.65680
20.87767
17.44197
14.77225
22.49850
20.77046
19.56595
13.76996
1.07466
355.00900
351.80176
349.62369
349.06451
347.76031
347.09525
346.89847
344.91391
343.71521
341.39392
336.41037
329.07422
316.60864
293.08679
278.95685
275.02286
271.40936
278.63953
282.67816
284.51550
286.91406
289.48203
290.96039
301.66852
303.58444
294.70514
279.88873
269.06946
265.55121
260.05884
253.83606
250.76988
251.65099
252.06030
253.52524
251.06097
249.90202
246.69264
251.31566
255.14481
255.95647
252.26779
243.73633
253.86568
250.04720
242.05826
235.22708
243.23318
238.72159
229.67807
212.01361
191.42609
191.62543
193.10121
191.72270
189.48386
185.86615
182.00612
182.54105
188.93916
175.18541
162.92781
163.03322
166.41219
166.26457
166.56007
168.16832
170.48624
171.57666
173.88457
172.39827
174.50519
175.01431
168.33797
172.91748
178.90692
188.77962
194.98502
207.37016
221.26274
229.59302
245.69670
263.45325
277.96143
285.03741
288.30890
291.58081
290.60904
287.97797
290.51147
299.17838
309.40411
312.72394
317.02423
323.38751
318.32764
319.02023
321.97656
319.61459
319.90424
320.04184
316.26514
310.89142
305.25769
304.07797
303.10440
303.65912
307.83582
296.09952
282.48944
281.15649
285.91510
288.58002
284.14758
270.76010
261.32199
237.59521
238.55901
251.84824
258.60175
264.84937
114.13023
119.96188
137.41531
147.69218
134.80209
128.03531
140.10556
147.36960
141.32907
131.70271
133.60413
130.45239
131.86407
129.51819
128.11736
127.16068
128.95871
131.95099
132.77708
132.48354
137.47273
139.87994
138.03188
132.59497
130.13608
128.53549
129.34799
129.88112
131.37537
134.09457
136.22630
136.58429
137.67984
134.81451
133.38120
134.60574
126.01102
113.27957
103.71191
93.71149
89.80184
99.99892
104.21858
105.73463
109.26766
114.79215
117.50874
112.28618
104.68841
112.38219
123.83586
139.39732
156.00485
176.91109
187.55406
196.62584
201.34369
191.82172
190.06396
188.28841
192.57468
191.20688
197.86812
208.20110
205.59337
206.35966
206.91521
198.66499
211.00005
211.00397
208.39052
206.42908
213.44487
218.09459
219.60553
221.20447
226.70070
227.93037
228.94858
230.95126
232.24112
239.97292
235.92647
241.82930
255.26910
256.58490
248.97989
236.65198
231.06792
228.84618
230.66176
236.41776
229.37016
220.27087
226.88763
227.46838
227.45406
229.46780
230.80336
229.27814
228.07103
227.88371
223.28281
231.91167
236.85277
227.53543
217.07568
233.81790
261.44553
277.36612
277.82300
280.50372
282.48199
282.90942
287.00549
295.42865
293.33716
287.66483
281.33273
284.50299
285.21112
295.28638
307.19046
306.39954
307.27686
305.02850
302.23651
302.18076
301.25317
297.26819
293.55371
287.07269
284.83423
285.70996
285.67554
279.65283
287.28455
293.73798
319.02734
339.18970
353.06299
352.23651
337.60150
326.84448
313.98773
308.32443
313.48273
319.59479
325.07547
328.30865
329.43710
330.95490
331.24786
330.34955
324.12674
321.92413
321.90256
323.16547
325.84598
326.71033
326.01663
322.62866
327.24054
328.43573
325.89972
325.63681
326.46985
326.82611
328.31848
328.98566
329.73416
329.53149
328.06982
326.13715
315.80255
299.61206
299.11887
297.46585
286.66849
290.50333
286.39902
273.64844
296.70245
349.33139
15.79799
25.37825
38.14038
49.22346
56.88918
54.98950
32.57556
11.39503
359.12488
2.61472
12.63612
16.11272
20.42642
13.05927
5.74907
11.78513
18.06606
11.60774
357.26929
350.71472
355.20129
348.83899
341.40295
339.71039
339.99677
339.77347
353.81995
355.84286
347.27771
343.45691
334.55652
328.68027
325.33951
322.49561
318.83148
323.00940
328.92194
332.25055
329.16522
328.57568
330.17194
341.12048
339.81189
338.49316
339.57187
334.84317
328.16620
328.02893
331.97827
336.42291
346.22076
350.12155
352.60852
354.57355
357.32712
354.33606
351.19250
350.39737
350.08951
357.22803
2.23083
0.13092
357.76312
356.72470
358.68182
359.76541
358.14673
349.60947
348.14148
344.41934
342.67911
343.90372
348.81387
352.92612
355.06396
3.99156
4.08862
354.96408
347.05310
345.78674
340.07343
346.53500
341.29254
326.41843
313.82898
324.65903
325.96228
314.19601
283.82443
247.48323
242.95836
247.63116
226.29077
226.71342
234.95978
224.79974
219.96649
217.28738
222.15573
216.78162
204.44945
207.64552
208.26642
204.03938
197.10056
198.50238
190.56117
192.07541
195.60667
195.04688
195.92708
197.71642
200.61777
204.77095
204.02457
210.02213
212.61890
216.08949
217.54184
218.14249
220.59447
222.69516
226.29236
227.32114
223.81638
230.67102
219.97137
219.61267
214.82617
211.08774
214.46352
215.95657
214.70900
212.36150
210.85934
209.75624
208.82245
206.41504
202.94269
203.17152
204.43300
205.55511
206.20747
208.45718
210.80428
211.95526
212.46136
214.39914
214.45351
213.38918
212.56334
213.68201
212.84727
215.40820
220.65453
224.59236
228.89032
231.78816
234.30171
236.98648
239.25380
236.67967
225.50034
221.96094
225.32745
230.25987
234.81187
238.67587
238.84578
235.27614
232.75769
231.02719
229.05569
228.27432
226.19159
225.72403
226.52226
228.11632
231.30179
230.09268
231.51266
233.57935
236.84180
236.73077
235.85020
235.22496
232.13132
233.65034
232.11989
230.68880
230.60219
226.51688
223.09973
225.56790
225.33894
224.79573
226.98935
223.85217
228.47487
228.10374
226.20477
225.58817
227.04764
224.14120
222.70117
223.71135
225.03531
225.43753
226.33824
225.43442
218.82294
219.08066
219.07315
220.16788
224.32164
228.39404
230.52232
229.37999
230.84332
235.27415
241.38417
243.35117
246.51007
257.73624
263.14435
253.60431
248.67676
242.50122
239.27744
235.54460
237.98859
240.90121
240.55331
239.61533
239.10278
243.34308
247.69272
250.94283
253.53824
255.99118
255.84537
257.26865
254.59584
254.01129
247.03758
245.35832
238.85701
247.90547
252.69513
259.04816
267.44730
279.36029
287.54358
289.01019
290.78857
292.16785
294.31342
296.97748
297.08688
294.63162
294.71313
294.54034
295.91565
298.33740
300.87119
307.07001
312.33490
315.90344
316.44019
318.81134
318.91315
320.03751
320.09241
324.62250
326.57495
326.93814
328.29187
330.11609
331.21979
331.19812
331.02258
330.73120
325.02985
331.13477
337.73785
339.23944
340.76816
342.46851
348.55246
353.91977
356.46588
356.86346
354.55240
349.62933
349.98566
342.64636
335.03500
329.41644
326.86115
326.97058
328.20789
331.66840
335.57379
339.28076
339.22092
335.04910
322.99170
310.31470
306.81128
306.17712
290.72717
276.16455
262.64206
227.34235
207.84015
209.91742
207.86287
207.60631
191.35608
188.15697
180.73361
167.32483
148.00719
145.50244
141.81174
136.75311
131.70103
124.25677
112.65540
101.32574
91.82204
85.04362
80.51623
72.93022
67.29842
63.33754
60.48557
60.43154
60.30278
60.47636
68.61454
71.27175
62.48923
57.02695
48.81937
40.34738
32.74167
28.90518
30.36946
29.07701
28.41240
25.91353
359.54651
324.06717
285.91367
276.33365
277.06732
269.05231
226.63643
196.72000
185.80737
163.69406
150.40335
143.38651
134.96782
112.03473
87.82549
70.83971
63.06476
56.37984
53.06231
54.10392
54.62254
52.69855
49.68533
44.84004
43.60533
40.96350
35.14708
35.82907
34.22031
32.44061
32.73389
31.96320
29.82133
31.02760
26.87772
31.53064
26.52745
24.06715
31.46274
18.03645
10.63802
5.40315
354.70645
353.83337
355.44275
345.98740
340.97565
344.06567
331.33569
300.77594
286.37238
288.41248
296.80911
302.24329
311.76459
335.24017
5.97263
24.29442
32.94226
52.89304
72.11866
79.38280
88.48048
82.21339
79.29237
72.30192
73.37792
78.02814
79.57659
83.50202
84.14601
88.56091
92.98007
90.75129
84.33949
82.95739
80.75706
85.65575
84.91615
84.48831
100.88721
127.22902
127.50694
123.41095
235.66725
243.02283
245.88925
267.55045
282.16382
273.18231
270.49084
279.37341
311.15320
332.76593
1.10721
22.43893
30.99376
42.10796
52.37755
37.44876
33.60461
45.34612
53.71635
63.34388
64.05280
62.65197
65.15033
72.39484
69.72060
66.01094
70.81103
64.43148
66.16347
66.08830
57.44476
59.28448
62.54774
67.99271
76.31158
69.92467
72.72102
79.94892
76.65876
77.65488
76.01288
79.84602
83.24919
85.58070
85.33871
91.22072
95.62881
100.54404
99.55282
99.71325
97.88456
96.44584
97.74725
105.03403
108.00600
108.92860
105.90746
101.62258
101.00814
97.72164
92.64424
89.15093
80.70409
77.82741
70.84290
59.71986
54.31657
52.96322
44.48358
37.11494
38.11601
35.48212
30.36438
24.10323
18.44691
19.79028
8.48433
8.00595
16.74817
24.23090
26.14677
28.17578
31.53937
33.71954
35.31956
33.51114
33.05318
28.28940
26.46329
29.09949
37.28099
42.76595
46.36258
50.95270
50.69814
52.59621
52.56175
55.45038
55.14957
47.77588
46.29912
53.32992
57.87764
59.34248
59.87263
62.91330
63.60468
64.88452
67.03597
62.36221
65.82519
69.25908
64.57666
53.99921
54.24618
59.81631
58.11363
56.46011
63.57004
68.29218
73.71137
76.24632
76.25268
74.14844
73.15623
73.29224
71.44879
71.27354
69.52474
69.64471
70.51643
73.99979
75.93180
72.79016
80.02810
74.59045
67.39301
71.66723
71.95326
72.64323
73.76536
75.37504
75.55346
77.54836
77.55890
76.87392
82.18124
77.16727
70.49230
65.29013
68.58024
77.83113
82.32590
81.61555
76.93182
71.84112
72.63289
75.19321
76.89996
77.31276
80.61535
77.46097
75.11949
77.05623
76.56840
76.21849
77.55556
79.18204
81.63897
84.40017
84.17496
83.21827
77.24220
76.77501
81.35704
84.59944
87.98011
91.63460
94.31060
95.88934
96.78395
98.08785
99.87805
95.68346
96.76548
103.06484
106.24010
109.03761
110.56837
109.62746
107.71807
108.74989
111.57838
110.38097
111.15505
99.69427
96.73918
99.07614
101.98618
102.16564
100.84879
101.08281
107.40289
114.97844
120.78255
116.13803
120.17384
112.03783
110.06580
109.34904
106.05304
107.23527
114.06724
120.43415
122.96196
127.86658
131.32819
134.82414
129.31873
122.58759
113.07288
104.43195
104.47220
106.10449
109.43231
114.03020
121.03756
127.57547
131.42365
132.95590
136.56703
132.41830
127.49933
124.91074
123.67981
120.22620
119.18443
120.63385
120.29955
121.71532
123.62212
124.57652
131.10629
131.42661
128.11798
127.26083
132.80101
138.37247
141.68071
140.96805
139.22650
139.48244
140.84731
141.83730
149.18204
152.21088
153.15704
145.70576
137.46838
132.55215
137.25313
143.61301
141.24229
138.92160
136.59160
134.72458
131.83090
126.06035
119.96150
108.51192
105.70539
109.28992
116.83650
118.87952
115.78116
111.30659
111.61246
114.05331
118.26842
116.85044
114.40982
110.80950
111.75751
112.28375
111.67495
108.36093
104.94212
108.67381
108.22593
104.78773
104.12094
98.68028
94.28603
94.97662
100.21208
103.92067
103.77462
100.89577
101.58981
103.35622
107.63926
110.74096
108.23964
111.14324
113.02483
116.19928
114.89436
114.98613
115.40471
114.83796
119.40852
128.15443
133.16449
136.11369
135.22954
135.12381
135.49707
136.82135
139.21664
144.28958
147.92885
152.07208
155.10054
155.17039
156.55406
152.92757
148.78336
146.91109
149.41724
156.92587
164.21368
167.42047
169.32521
168.56906
167.73500
168.75841
170.83839
173.67494
176.37639
172.29811
166.75461
165.77177
166.58249
163.91968
160.65106
159.66272
162.09068
166.67828
172.21022
176.76390
177.56421
177.87363
180.77238
184.17804
186.25343
189.66380
192.37466
191.48853
189.67169
190.56477
195.16629
198.50446
203.47607
201.29521
196.58260
196.45335
196.29248
199.00552
200.90535
199.16263
197.22423
196.85690
197.83023
199.66850
198.62421
198.68944
199.23792
201.15732
202.74733
201.04895
196.29813
192.00455
191.62709
193.62112
193.58409
196.62671
192.53360
193.34485
192.19939
190.88544
190.63458
190.24393
190.91483
190.08388
188.64960
187.33736
187.40335
187.66714
187.78897
184.82339
181.21056
179.46793
178.08456
176.28212
172.87177
168.60062
165.09682
164.53772
162.26349
164.58910
159.00720
153.63898
155.82307
155.81119
158.95438
161.52933
161.56824
161.28352
160.54051
160.18697
159.82817
159.99527
161.04100
162.42905
159.68985
158.28877
157.00801
157.39424
159.11386
160.49567
160.16064
157.90512
154.24974
155.84871
166.25558
177.32834
175.26984
176.53636
181.04094
181.58507
183.37469
185.83791
187.78192
189.45544
188.92300
187.26239
185.73137
182.70976
176.71429
174.04651
169.52104
162.04041
154.66379
147.83243
143.31879
136.92403
139.83955
130.09561
133.86444
129.47102
127.29504
120.92475
130.28174
132.70248
131.60594
127.93095
129.07547
133.50436
144.51732
153.10468
149.78667
141.51756
127.07229
112.72847
103.86968
110.35719
102.50551
101.11990
103.50446
105.55760
112.50379
112.01434
99.62234
81.91373
81.83633
85.53011
87.55451
85.06705
74.95568
77.17815
79.99339
85.82711
91.51814
101.86464
109.78196
103.03038
114.15920
48.36116
353.11438
4.91956
17.98181
23.90295
27.78194
31.58275
39.54956
40.91580
30.57100
38.17856
54.01133
60.45374
67.07735
73.84299
80.29572
88.71639
98.05552
110.59771
124.76306
139.72617
139.93689
148.01805
161.10275
168.56645
171.45825
172.64720
171.71461
170.69728
170.54453
171.48318
172.00610
170.89676
167.06599
165.08974
166.41788
164.09378
163.63977
162.62489
162.20366
163.59439
167.05281
170.88104
169.02158
168.02911
162.94972
163.13004
165.96645
165.84244
162.47026
159.57474
160.23508
163.16054
170.09494
189.46948
209.81787
220.59402
220.97757
227.14955
232.04733
231.35973
232.91429
239.35757
315.60806
20.52884
30.81639
32.81958
54.87142
92.62643
110.03319
116.57705
116.70177
117.30559
113.55889
110.86974
97.83906
54.47721
12.85048
309.87512
268.99008
270.51752
283.84879
282.13416
273.15466
255.60559
233.59157
221.80278
218.78354
222.58916
229.76170
232.86435
233.56752
234.06139
218.04926
206.76306
205.09084
206.70638
207.94643
207.25179
204.16916
197.58981
192.45026
187.26491
185.32408
184.22722
183.74684
175.68134
160.73129
154.45586
152.31955
154.47668
153.60101
153.55844
157.79688
163.27339
168.37233
173.28583
179.53906
185.91185
191.98267
198.29556
207.97977
219.95154
233.59497
249.35220
261.88876
271.17914
276.14169
278.52969
279.43060
278.06964
280.94940
288.23950
264.46124
302.62531
44.18494
80.60163
110.16727
110.27506
108.55676
109.12065
104.66072
90.57133
84.63279
81.81919
89.32041
87.38049
82.99485
79.35094
77.86567
77.36375
79.05149
74.14613
74.43289
79.31039
71.84491
69.09637
69.39882
70.43909
67.89124
61.15655
59.16755
58.62808
56.24343
51.36411
41.39645
37.08047
36.95094
29.11403
19.03467
10.63005
8.90016
9.40706
5.38670
0.47134
359.04559
355.60724
350.38983
348.46484
353.10416
351.72241
347.47937
343.76410
341.73950
337.74042
333.70218
330.83435
328.08270
322.20718
323.00555
311.35196
300.63687
288.06158
277.36826
266.30490
262.11771
260.40704
258.87335
257.80194
259.79361
260.40891
262.87659
270.30859
276.80493
279.83939
282.70844
285.36212
285.04202
283.48688
279.00995
274.38162
271.13818
267.81259
264.33392
260.96133
254.30884
246.76007
239.77878
231.97893
224.04941
220.35173
222.00604
228.01152
234.21988
235.51315
232.22829
233.44153
235.68002
235.10695
239.31026
246.30798
247.61676
242.10605
240.82927
241.22972
241.70052
260.02676
251.78629
221.72856
212.50238
189.58829
157.22650
175.69275
191.42807
177.21994
165.00024
168.30394
175.24167
178.21565
177.23581
177.57555
180.59752
187.51462
183.89235
182.69795
183.28432
184.47951
186.90546
190.35898
194.93459
197.96986
203.41455
211.83154
218.56195
220.16885
223.63678
231.51981
234.97427
236.46893
236.85019
233.27782
234.77592
239.27232
239.04697
241.62186
239.18918
233.62138
228.42845
227.10342
231.67975
234.23575
227.29007
218.03430
214.69949
216.43332
212.13519
205.48634
200.11134
202.74889
206.50792
207.78079
205.26295
201.10196
197.34383
197.02357
197.10165
196.77469
193.34721
192.03362
192.23648
193.88008
198.34920
201.97125
204.56300
209.45952
215.20825
217.56520
219.29922
220.91748
223.98457
225.69554
220.78918
214.15620
213.07715
212.00626
201.78085
195.91870
191.22841
191.06450
194.32736
201.53893
205.09009
215.25862
225.94447
233.80560
242.32787
253.30101
266.43869
281.66302
298.05966
310.52515
317.71924
320.02945
310.18347
310.33447
316.35330
321.19781
324.22211
323.22577
320.81921
325.16937
325.82581
330.32709
337.56961
336.54578
339.75903
330.95587
325.92883
325.36877
331.16760
340.87610
345.51147
349.13235
342.69162
333.69220
300.47931
251.56490
13.28949
2.26653
335.54214
315.16376
318.40485
334.33728
328.09436
311.80594
327.05893
356.97903
27.50349
47.23662
51.35121
64.37690
67.87213
77.17010
88.78149
99.37211
103.07712
108.18225
114.84997
115.33759
115.80571
120.64718
124.73275
111.57671
110.92549
115.06911
114.66098
115.72141
120.53140
124.94193
124.53932
125.56113
127.61125
120.80661
121.27948
121.55807
122.50233
130.10933
131.15276
131.37154
136.62308
138.50656
138.02225
134.87413
132.40694
129.99240
123.23664
122.53514
119.54330
117.10130
109.19243
98.71814
91.25245
87.99924
75.59799
53.43393
23.24126
348.79584
331.15747
310.88052
306.92725
303.05286
302.51468
301.27869
298.15637
290.05890
281.10471
278.15338
278.15295
282.01224
280.98926
270.61890
264.46045
262.04333
259.40564
255.65231
254.81625
258.02869
261.50522
259.02371
250.53250
247.09160
244.03751
230.12386
188.68578
123.36436
123.12573
125.82950
125.33347
123.90692
125.14161
129.16777
134.50632
138.02441
131.89375
131.04778
140.43115
149.40411
151.50832
157.93658
166.03001
169.58315
176.95753
185.83929
190.68640
195.16895
190.67499
199.94113
204.72369
207.61816
215.71835
223.43378
227.11067
226.29742
223.56726
218.33502
213.20456
210.99831
207.67715
205.82587
203.66016
215.21655
235.49908
265.33383
287.06650
307.89734
322.76648
329.49994
332.71558
329.87408
323.09180
307.71350
290.52328
272.07251
251.60077
237.04282
222.75197
209.92120
210.13402
209.05484
202.60129
199.23149
194.63388
194.94807
