3.59332
3.33337
3.03005
2.73517
2.51216
2.36216
2.32235
2.35563
2.48792
2.62590
2.67574
2.73566
2.46916
2.40623
2.22532
2.47711
2.96176
3.60067
4.10516
4.23810
4.88784
5.98202
6.17549
5.52813
4.89445
4.97972
5.25159
5.23927
5.38513
5.76622
5.81148
5.35118
5.91396
5.75500
5.25889
4.86206
4.37873
4.08798
3.81203
3.39529
3.06875
2.49127
2.28001
2.43394
2.54220
2.70846
1.63797
1.68085
2.05031
1.65970
1.61397
2.03008
2.23788
2.28025
2.59253
3.02240
3.11913
3.05697
2.62132
2.86685
2.82377
3.18855
3.28332
3.19620
3.09370
3.05776
2.97736
2.76395
2.47006
2.16958
1.69032
1.52616
1.33945
1.04769
0.98789
1.16702
1.25177
1.41024
1.73416
1.82464
1.81345
1.80701
1.28317
1.35233
1.23987
1.68956
2.28126
2.43408
2.56432
2.78011
3.02040
3.17475
3.41486
3.57000
3.33830
3.75771
3.95355
3.91735
4.01473
4.08854
4.33727
4.65354
4.95376
5.29581
5.14871
5.32611
5.73517
5.64195
6.34615
5.19248
4.25397
4.11762
3.48037
1.58456
3.13061
4.22563
4.62152
3.88794
3.85754
4.48731
4.35219
4.54439
4.41421
3.22581
3.12711
2.91858
2.14564
1.90141
2.15644
2.48290
3.10289
2.79919
2.86708
3.32188
3.94197
4.34649
4.60678
5.02290
5.46501
5.52220
5.37346
5.21428
5.23472
4.62812
4.03165
3.55248
3.19912
2.91605
2.83237
2.96266
3.04045
3.20284
3.75180
4.08492
4.12790
4.61494
5.25657
5.15508
5.95079
6.27782
6.35725
6.48227
6.45638
5.94101
5.46911
5.39594
5.03401
5.06861
4.60653
4.18919
3.94650
3.99460
3.97197
3.97995
4.11328
4.11700
4.03671
3.83818
2.76217
2.81473
3.25177
2.84536
3.10398
3.84286
4.13093
4.20016
4.22653
4.05393
3.86573
4.26168
3.78618
3.82829
3.86117
4.40112
4.87035
5.01729
5.07649
5.23647
5.33575
5.27739
5.05586
4.64278
3.45375
3.37606
3.93307
3.75650
3.34494
3.70347
3.84156
3.71626
3.35317
3.06900
2.90775
2.84369
2.09382
1.68958
1.86803
1.85361
1.85289
2.43575
2.74867
2.85326
2.98594
3.16511
3.43486
3.69424
3.99065
3.95879
3.98652
4.01054
4.52174
4.40111
4.22393
4.27682
4.64501
4.91481
5.06092
4.93860
4.72235
4.66703
4.85981
4.94085
5.21394
5.34163
5.39670
5.26668
5.07206
5.03941
5.23449
5.99231
4.91246
4.91519
4.52497
4.38069
4.63368
4.96364
5.00317
4.77699
4.70028
4.63669
4.74399
4.95401
4.45246
4.57304
4.55600
4.48099
4.36382
4.30666
4.29364
4.34682
4.35796
4.16128
4.17035
4.16833
3.43214
3.60842
3.63745
3.79346
3.74797
3.46203
3.48938
3.19574
2.99396
2.65810
2.74794
2.48359
2.32647
2.54356
2.31146
1.86144
1.98840
2.30993
1.96075
2.57776
3.51578
3.76921
4.73784
5.29554
5.14982
6.29121
7.58039
7.47743
7.38653
6.86241
6.55204
6.22768
5.61610
5.79755
5.94490
5.96685
6.26893
6.27483
7.22830
8.17806
8.30598
6.79077
6.06706
7.68487
8.08264
7.87823
7.48214
6.89140
6.22798
5.66289
5.31073
5.02787
5.45960
6.45306
7.13694
7.48313
7.60896
7.68772
7.93739
8.11533
6.74967
6.23078
6.36194
5.94718
5.52335
5.40147
5.77988
6.01372
6.05821
6.03775
6.88822
8.24046
6.60445
6.76189
7.24553
7.53468
7.41165
7.22059
7.10232
6.92711
6.85770
6.52362
6.36879
6.46741
5.69970
5.34930
5.13486
5.00253
4.68468
4.56656
4.36052
3.98679
3.69507
3.78190
3.92660
4.62014
3.20719
3.01656
3.18742
3.54575
4.29146
4.93788
5.08626
4.96266
4.99619
5.14305
5.51576
5.88587
5.71289
5.96642
6.33665
6.64921
6.75918
6.68482
6.69810
6.92638
6.94316
6.81206
6.72920
6.07295
6.52669
6.27953
5.85034
5.79162
5.61518
5.55033
5.30896
4.94956
4.75438
4.32904
3.86724
3.15190
2.73396
2.18970
1.47608
1.39199
3.80726
5.21289
6.26124
6.74189
6.93844
7.04087
6.68701
6.39279
6.36349
5.81252
5.71808
5.48311
5.35461
5.25905
5.19904
5.06232
4.73909
4.76067
4.84320
4.40214
2.62853
3.08449
2.99967
2.33723
2.65539
2.61960
2.47370
2.55938
2.31322
2.42783
2.76126
2.81490
2.40108
2.86972
3.30813
3.76417
4.17551
4.52354
4.63619
4.68580
4.84389
4.93831
5.07121
5.23720
4.69270
4.82332
4.96974
5.15066
5.01425
4.99134
5.09459
5.12748
5.16102
5.36491
5.25655
5.89498
4.39933
4.81870
5.11880
5.49594
5.83788
6.13088
6.22217
6.04388
6.07693
6.01858
5.92466
5.82275
5.34667
5.24950
5.08888
4.83800
4.62098
4.55641
4.48955
4.32026
4.30476
4.36457
4.56208
5.69880
4.24506
4.22725
4.26518
4.16465
4.28704
4.40832
3.86572
3.33674
3.57217
3.46869
3.21335
3.05588
3.40189
3.52052
3.61010
3.45398
3.42944
3.57223
3.71229
3.84939
3.78187
3.74040
3.86419
4.02801
2.67292
2.95738
2.90032
2.85765
3.01127
3.27697
3.32791
3.28937
3.06290
2.84256
2.67911
2.44738
2.44820
2.23787
2.33927
2.26080
2.15831
1.89891
1.77331
1.67358
1.68159
1.53915
1.50751
1.73827
1.61523
1.69877
1.96483
1.69409
1.44399
1.18473
1.04289
1.26106
1.51658
1.49389
1.29886
1.22032
1.31365
1.07166
1.18774
1.81479
1.63435
1.65280
0.70780
0.33036
0.88919
1.49604
1.41725
1.47534
0.58856
0.35057
0.39881
0.42966
0.83801
0.98860
0.99606
1.38686
1.12040
1.25997
1.43044
1.58224
1.15261
1.48975
1.48803
1.42884
1.64330
1.69679
1.54868
1.98559
2.45001
2.82880
3.02286
3.58436
2.88338
2.76201
2.66054
2.35356
2.60434
3.07605
3.35003
3.12665
2.92954
2.80404
2.59348
2.40981
1.79382
1.53873
1.06214
0.72806
0.89739
1.01455
1.47215
1.60071
1.89003
2.26900
2.56591
2.75121
2.66003
2.84324
2.75190
2.72328
2.87277
2.92543
2.92983
2.74594
2.48433
2.37820
2.49320
2.50333
1.96892
1.73057
1.84478
1.74073
1.34635
1.46705
1.88531
2.16013
2.19145
2.38769
2.72584
3.25656
4.22833
3.26972
3.75363
3.86634
3.89280
4.14934
4.49110
4.74477
4.91899
5.14976
5.26747
5.37229
4.83173
4.89781
4.96861
5.11784
5.21682
5.31760
5.40798
5.52574
5.55153
5.72734
5.32470
5.44696
6.16734
5.08274
4.91117
4.92747
4.72749
4.55728
4.41172
4.16417
3.84966
3.64743
3.54438
3.33894
3.13616
2.77577
2.51310
2.49033
2.37902
2.25536
1.75381
1.23702
1.06661
0.72642
0.69480
0.43284
0.52976
0.47005
0.77295
0.24977
0.41806
1.08977
1.21933
1.83086
1.89519
1.80991
1.80318
2.14091
1.44697
1.41946
1.72200
2.17575
2.63290
2.91919
3.13684
3.65569
4.20154
4.71509
5.59734
5.80329
4.42804
4.57836
5.27965
5.51051
5.22540
5.17212
5.12361
5.14864
5.05170
4.82045
4.70713
4.72854
4.42174
4.27745
4.11478
4.23591
4.22445
4.01627
4.01043
3.97202
3.89029
3.79985
3.53460
3.62800
3.33605
3.21928
3.65797
3.79925
3.88811
3.98747
3.93056
3.81140
3.37233
2.76757
2.48794
2.27687
1.40868
1.35118
1.23678
1.51484
2.84921
3.50294
3.52352
3.20585
3.18722
3.35847
4.20159
4.37802
2.94003
3.71024
2.99090
2.74317
3.18292
3.83253
4.25784
4.40560
4.44928
4.55613
4.52499
4.45036
4.27215
4.35073
4.22789
4.10217
4.18004
4.33356
4.37819
4.15317
4.14743
4.31260
5.07443
5.22526
4.25858
4.38418
3.83916
2.92657
2.58039
3.08702
2.90488
2.61441
3.20260
3.42082
3.10869
2.95994
2.46428
2.66330
2.71577
2.51629
2.35517
2.23105
1.99679
1.86660
2.07393
2.48602
2.37558
2.10237
1.98970
1.88283
1.69538
1.87662
2.13556
2.36143
2.44802
2.68314
2.65093
2.68055
2.46844
1.71417
1.88942
1.22144
1.14102
1.58150
1.87745
1.85836
1.80055
1.94198
2.06857
1.85552
1.72465
1.78395
1.46429
1.57539
1.60857
1.69441
2.39446
2.73456
2.56657
2.30451
2.06885
2.01642
1.89577
1.94457
1.40672
1.41256
1.62255
1.64280
1.31305
1.12239
1.19540
1.14989
0.88173
1.13296
1.02051
0.88153
0.78472
0.85466
1.15123
1.38767
1.88363
2.22909
2.54127
2.83338
3.11652
3.25712
3.37507
3.57224
3.38891
3.39797
3.34961
3.19733
3.13211
3.17167
3.08309
2.98556
2.85624
2.85800
2.59521
2.39529
2.14654
1.91515
1.81388
1.75400
1.46120
1.56800
1.67954
1.70632
1.80524
2.16227
2.48407
2.81260
3.16193
2.98936
3.20101
3.66939
3.91976
4.21985
4.42687
4.62398
4.82923
5.00656
5.03230
5.27894
4.98506
4.65272
4.51076
4.75983
4.95257
5.10281
5.19110
5.19256
5.04989
4.77324
4.47503
4.22430
3.87549
3.77023
3.78717
3.38918
3.37875
3.17603
2.62556
2.40678
2.90937
3.27948
3.73074
3.53855
3.52649
3.67940
3.80512
4.01012
4.04902
4.23058
4.29922
4.21062
3.98244
3.72591
3.60974
3.41128
3.37122
3.08679
2.70542
2.54641
2.60182
2.58209
2.38054
2.32581
2.54214
3.01559
3.18241
3.16918
2.75558
2.70276
2.28529
1.56367
1.84597
2.36451
2.72690
2.79382
2.84303
2.69305
2.88751
2.71559
3.04290
3.16331
2.92281
3.02375
3.24179
3.61058
3.92038
3.91092
3.98366
3.86652
5.39842
4.68906
3.65797
4.17074
4.87517
4.85796
4.43982
4.31986
4.54774
4.49345
4.29171
3.93377
4.06497
4.17553
4.01483
4.22952
4.31942
4.48162
4.42576
4.58724
4.48074
4.26851
3.99624
3.82198
4.15827
3.64695
3.29360
3.27217
2.87150
2.92894
3.26265
3.53413
3.70674
3.88160
4.08291
4.09176
4.07764
4.16918
4.22211
4.22168
3.95641
3.79286
3.50002
3.27267
3.37773
3.44677
3.52859
3.72282
4.15069
4.97825
4.72342
4.54528
4.73939
4.45090
4.51230
4.28827
4.28993
4.81282
5.05444
5.27994
5.40010
5.38741
5.38679
5.51565
5.57545
5.86434
6.08094
6.30138
6.30666
6.28848
6.14988
5.95253
5.39214
7.32812
5.54438
4.91788
4.60603
4.23593
4.03562
4.00433
4.33681
4.73599
4.96068
5.03176
4.96650
5.08112
5.35915
5.57394
5.80396
5.62229
5.50434
5.36018
5.15851
5.22220
5.41054
5.09503
5.20568
5.68109
5.01992
4.85376
4.67500
4.91197
4.90143
5.04702
5.37818
5.59272
5.65372
5.60439
5.52376
5.41710
5.45222
5.52681
5.52942
5.39989
5.08570
4.84274
4.81025
4.94579
5.20705
5.34334
5.22168
5.28130
4.50571
4.34521
4.31004
4.51334
4.58620
4.81595
5.07719
5.14543
5.05766
4.95569
4.93504
5.02515
5.45995
5.47271
5.51570
5.30217
5.03471
4.88848
4.82958
4.78645
4.85202
5.01642
4.97173
5.20239
4.40104
4.24617
4.26732
4.19740
4.17147
4.22101
4.39700
4.50125
4.74208
5.19429
5.31478
5.33741
4.73093
4.75847
4.70374
4.62907
4.81836
5.06160
5.22614
5.70267
6.42263
7.78231
7.35466
7.48819
6.74688
8.44215
8.59857
8.21307
8.32292
8.27859
8.02888
7.89769
8.16185
8.43994
8.04955
8.16627
7.98281
7.88780
7.65738
7.04771
6.44177
5.89519
5.28235
5.03679
4.83541
4.53694
4.17835
4.04126
4.10402
4.79656
4.60834
4.16163
3.65612
3.51893
4.09977
4.48508
4.70035
4.83379
4.70410
4.66891
4.81325
4.63284
4.40138
4.42004
4.48693
4.32170
4.41817
4.77288
5.25661
5.29936
5.42494
6.60533
6.47581
6.76782
8.65478
8.79994
8.54016
7.89263
7.31104
7.02841
6.86764
6.78712
6.77414
7.03928
6.48853
6.57083
6.51507
6.76381
6.99141
6.45409
6.01595
5.73723
5.62438
6.14649
6.99866
6.83879
6.82379
6.67078
6.13775
5.13261
4.72010
4.29575
4.16170
4.52200
4.60087
4.83811
5.11593
4.95912
4.83614
4.76994
4.75968
4.62252
4.52592
4.49687
4.39664
4.24234
4.08537
4.02053
5.08955
4.91632
3.86739
3.72626
3.90317
2.96173
3.44118
4.36437
4.92401
5.39608
5.57716
5.55298
5.45942
5.54713
5.58631
5.35674
5.29372
5.33514
4.95815
5.08507
5.28765
5.69206
6.10108
5.17181
6.68454
7.45242
5.24159
5.37738
5.44625
5.50130
5.75618
6.01632
6.84428
6.93728
6.66830
6.71606
6.83010
6.50901
6.09442
5.53802
5.38594
5.57249
5.53843
5.23512
5.15442
5.00555
4.94120
4.61980
5.22667
5.23291
4.41416
4.90197
5.15722
4.77452
4.03148
3.28505
2.79531
3.10722
2.82803
2.46894
2.33277
2.22232
2.25927
2.04828
1.83464
1.79198
1.72014
1.70171
1.77532
1.84241
1.94912
1.84278
1.91058
2.23862
3.02164
3.24801
2.87590
2.07110
1.50347
1.94187
2.48929
2.92517
3.21351
3.30428
3.34702
3.42297
3.85465
3.69592
3.52979
3.60062
3.66881
3.67860
3.83959
4.08620
4.38178
4.53953
4.70551
5.04783
3.91442
4.20069
4.29590
4.28697
4.34808
4.63064
4.79164
4.45375
4.44559
4.32699
4.07211
3.87122
3.99702
3.88149
3.83139
3.69678
3.45035
3.24803
3.03278
2.81274
2.90716
2.80531
2.74392
2.99022
3.66056
3.47182
3.06114
1.96965
1.42744
1.73524
2.08895
2.42330
2.61901
2.95723
3.28720
3.49690
2.86374
2.65330
2.60640
2.81565
3.22032
3.71052
3.97820
4.15035
4.29507
4.76705
4.66175
4.57189
4.10033
4.11171
4.39867
4.57276
4.12161
3.92648
3.99004
3.88515
3.59664
3.20289
3.15269
3.28880
3.41966
3.36716
3.19233
3.04543
3.00588
3.14461
3.20175
3.36847
3.64665
3.42932
3.65326
4.27133
4.11249
3.81102
3.32129
2.80511
1.79610
2.41922
2.15593
2.60181
2.69367
2.36363
2.50143
2.84190
2.07448
2.02647
2.12061
2.73726
2.38556
2.12536
2.30674
2.40169
1.26816
0.88314
0.73100
0.72324
0.60595
0.75573
0.82248
0.60914
1.53128
2.44571
2.21462
2.36006
2.37402
2.34886
2.39825
2.05231
2.03318
1.70886
1.76897
1.84405
1.76912
1.54867
1.60636
1.53104
1.89877
1.30851
1.08585
1.34313
0.80155
1.00700
0.94000
1.25002
2.20624
2.51517
2.11111
1.90320
2.04158
2.09330
2.15302
2.32986
2.05271
1.95297
1.96595
1.96885
2.10885
2.12113
2.27270
2.38841
2.51570
1.91279
1.75245
1.79138
1.60514
1.81890
2.02457
1.55472
1.97412
2.44361
1.96324
1.99873
2.19538
2.25120
1.99283
2.45386
2.14289
2.66221
2.83116
3.05259
3.68141
3.63334
3.38159
3.84979
4.45023
4.33448
4.43220
4.49889
4.49602
4.86595
4.98782
5.59653
5.30194
4.93581
5.08685
5.18703
5.15695
5.02952
5.00699
4.95311
4.37944
4.41474
4.54948
4.84355
5.18239
5.32537
5.52645
5.59105
5.49749
6.37642
6.66017
6.80739
6.74443
6.73254
6.43727
5.58037
5.19673
4.97917
4.70327
4.34667
3.92658
3.65449
3.33330
3.31476
2.99726
2.77694
2.53904
2.61158
2.64136
2.68414
2.71358
2.87134
3.23336
3.52784
3.97734
5.40161
4.88447
5.06915
5.22295
4.95659
4.75496
4.78169
4.81461
4.64914
4.45892
4.25049
4.01243
3.87495
3.66343
3.21777
2.81662
2.72547
2.68416
2.77506
2.83504
2.95893
2.86378
2.92087
3.25660
3.42121
2.49408
2.39926
2.31712
2.14747
1.54237
2.21248
1.85731
1.72343
1.76174
1.70578
1.98120
3.06090
3.15605
3.52257
3.76048
3.92353
4.03878
4.02791
4.08614
4.36161
4.27835
4.63001
4.76461
4.75418
4.85632
4.90306
4.62018
4.62148
4.60916
4.18056
4.16185
4.09058
3.95482
3.71521
3.54333
3.29990
3.17284
3.13980
3.15710
3.23845
3.32678
3.34860
3.24916
3.48474
3.85077
3.77331
3.98461
4.21485
4.12945
4.10591
4.22885
4.30732
3.84620
3.66442
3.91917
4.25354
4.31887
4.26660
4.10534
3.89911
3.58860
3.52273
3.46238
3.52365
3.68124
3.82042
3.92321
4.00610
3.96407
4.14737
4.39718
4.70366
4.24649
4.57335
4.90283
4.82461
4.03409
3.67230
3.59497
3.50433
3.32243
3.07603
2.78240
2.48772
2.42886
2.19563
2.02494
1.95691
1.91475
1.92554
2.11245
1.49532
1.71978
1.40681
1.52217
1.88129
1.78688
2.15070
2.32990
2.43856
2.04065
2.24342
2.46594
2.38530
2.30178
2.22700
2.18617
2.22603
2.47775
2.16277
2.11436
2.27627
1.91699
1.95183
2.19664
2.31747
2.22186
2.28697
2.75408
3.03939
3.37659
3.30085
3.14140
3.18141
3.02868
2.58058
2.67248
2.80602
2.63751
2.38768
2.35640
2.22615
1.93609
1.51852
1.51216
1.65094
1.54584
1.64083
1.69436
2.15675
2.28216
2.38358
3.66975
3.47676
3.74585
3.85927
3.88077
3.97617
3.50005
3.71337
4.18421
4.61706
4.67360
4.62461
4.50862
4.49140
4.36421
4.22203
3.87279
3.74067
3.67172
3.64167
3.49750
3.32585
3.10317
3.39973
3.07741
3.52014
3.59500
4.42033
4.60426
3.85178
3.08801
2.51374
2.62219
2.85706
3.18253
3.62614
3.87643
4.09556
2.98273
2.96614
2.86006
2.91839
2.80862
2.53565
2.30903
2.40075
2.44125
2.44060
2.48802
2.67905
2.41825
2.61008
2.86505
2.89505
2.09803
1.80637
2.05902
2.22141
2.27443
2.38113
2.45655
2.17810
2.22397
2.73982
3.00941
2.88935
2.56523
2.45116
2.65020
1.35652
1.63873
1.57560
3.04521
3.70153
3.54057
3.69047
3.56950
3.54947
2.84099
2.23053
2.41789
2.75763
2.67328
2.62545
2.64700
2.66778
2.44635
2.29651
2.34102
2.27614
2.18692
2.15168
2.19171
2.57761
2.44143
2.43690
2.61448
3.00567
2.78766
2.69560
2.67742
2.58258
1.81534
2.47864
2.98902
3.09248
3.01172
2.97233
3.06150
2.61464
2.55678
2.17627
2.21061
1.99572
1.99463
2.28305
2.64397
2.94978
3.27619
3.02710
3.30078
3.73113
3.28607
3.33509
3.41942
3.15817
2.57153
2.46274
2.73037
2.80111
2.75673
2.61074
2.43351
2.27470
2.28878
2.09192
2.08330
2.03788
2.07494
2.25037
2.00266
1.65649
1.67001
1.34897
1.20201
1.30648
1.42009
1.58578
1.73396
1.61305
1.90765
2.46414
2.47731
2.76289
2.66660
2.91286
2.75741
2.70770
2.57601
2.59740
2.70319
2.72617
2.80608
2.93207
3.14420
3.47171
3.58316
3.46072
3.89273
4.33115
3.55750
3.71978
3.85169
3.63877
3.67427
3.65810
4.03413
4.25897
4.43548
4.73857
4.48522
4.26306
4.21050
4.08118
3.77597
3.63022
3.59275
3.57369
3.73124
4.00176
4.29665
4.46356
4.72954
4.89753
3.69423
3.71615
3.72057
3.48256
3.41331
3.39589
3.37887
3.11761
2.69356
2.14695
2.79809
2.25110
2.18814
1.93358
1.79017
2.17759
2.65210
3.01088
3.39436
3.65087
3.82268
3.62322
3.71450
3.77549
3.16062
3.18025
2.98757
3.11090
3.35425
3.51017
3.54474
3.45970
3.29572
3.13564
2.85593
2.58005
2.33499
2.22349
2.11162
2.09856
2.06305
2.26035
1.91182
2.22255
1.91156
1.79117
1.81674
1.98380
1.65483
1.73913
1.51907
1.26246
2.13560
2.61376
2.72692
2.88663
2.87387
2.93676
2.52004
2.26626
1.90430
1.44767
1.40100
1.38740
1.56216
1.99181
2.38849
1.31551
1.36007
1.26280
1.56890
1.75905
2.06869
1.90812
1.39307
1.39621
0.97654
0.47297
0.23805
0.80376
1.56683
2.17909
2.60791
2.88490
3.11492
2.82682
2.57150
2.87050
2.81198
2.60238
1.91523
1.92887
1.34297
1.21298
1.30912
1.65958
2.50232
2.63272
2.65100
2.49922
1.81714
2.00714
2.12240
2.23522
2.76925
3.44283
3.98786
4.37976
4.40197
4.57679
4.89529
5.28547
5.61002
5.76363
5.78389
5.91864
6.09912
6.12518
6.63289
8.37661
7.90992
7.64674
7.25366
6.90945
5.84711
5.02354
4.84996
5.12716
5.21326
5.45176
5.63088
6.05542
5.12134
5.70651
6.51210
6.95893
7.31045
6.88728
7.51620
8.36238
8.89449
9.39885
9.73747
9.89875
9.43602
11.06973
10.55483
9.63139
8.45235
7.31155
7.17076
6.84029
6.33023
6.17861
6.06449
5.83838
5.63478
5.00407
4.45523
4.26779
3.90933
3.60199
3.44946
3.83305
3.94683
5.03346
6.18600
6.67498
7.36262
7.68598
7.33009
7.71305
6.06549
5.54055
5.87606
7.00061
8.34887
7.95912
6.49114
5.87736
5.57595
5.54131
5.66436
5.98784
6.04428
6.04002
5.97000
5.71760
6.37451
5.91957
5.05306
4.13749
3.60460
2.85902
2.59125
2.50247
2.85453
1.94802
2.13978
1.89374
1.61607
2.09155
2.14862
2.15084
2.13921
1.81677
2.47363
2.76563
2.94340
2.96455
3.04518
2.62535
2.28387
2.69612
3.72893
3.88673
3.66011
4.09283
3.90654
3.00717
1.88954
0.77894
1.22132
2.71536
3.24185
2.85560
2.23240
2.27990
2.95969
2.49364
2.60588
2.48808
2.38564
2.24182
1.90386
2.02099
2.18466
2.47427
2.68157
3.33893
3.53104
3.70603
3.53856
3.24995
2.24491
1.82690
1.85295
2.09428
2.04935
2.09757
1.62687
1.60970
1.93482
2.21970
2.41915
2.55601
2.78558
2.99686
3.74798
4.08097
4.19566
4.54914
4.73049
4.73332
4.80077
5.40280
5.29345
5.88090
5.58563
5.33522
5.31110
5.57792
5.57863
5.45530
4.95481
5.13621
5.25862
5.07010
5.10836
5.31430
5.30870
5.33769
5.11199
4.78208
6.53148
5.95089
5.75706
6.00735
5.70864
5.74657
5.23617
5.38266
4.95082
6.20646
6.10764
6.09939
5.78735
5.41814
5.23129
5.28867
5.42774
5.66019
5.81782
5.91584
6.19478
6.14679
5.89575
5.35384
6.24371
6.18196
6.06210
5.97584
5.67228
5.70159
5.64722
5.37991
4.58684
4.18065
3.69324
3.47071
3.23887
3.04394
2.96807
3.23809
3.01683
2.84684
2.80141
2.57629
2.41636
2.46973
2.48735
2.51998
2.36919
2.32906
2.39114
2.82217
2.72892
2.45447
2.59170
2.68855
1.99762
2.23363
3.24114
3.66500
3.72551
3.72217
3.69001
3.53860
3.48112
3.54450
3.62576
3.78935
3.98280
4.20535
4.47729
4.75377
4.87562
5.59765
6.12662
6.46680
6.08882
7.06132
6.88851
6.55468
6.34491
6.19171
5.99889
5.93163
6.08911
6.13249
6.09496
6.13308
6.16633
5.97367
5.74730
5.49749
5.08829
5.20557
5.39303
5.07494
4.76405
4.67764
4.43121
4.44538
4.67325
4.93887
4.98058
5.06345
5.23349
5.04771
4.97970
5.04271
4.00589
2.95646
3.29426
3.59617
3.91735
3.76606
3.71767
3.65397
3.92036
4.34061
4.45805
5.00132
5.37186
5.46682
5.62561
4.90617
5.37219
5.30870
4.92439
4.48794
4.32484
4.24169
4.65320
4.99978
4.63430
4.20721
4.19172
4.09401
3.40035
4.30902
5.01123
5.19924
5.13921
5.11932
5.25705
5.14522
5.04089
4.95741
5.64819
6.23901
6.05648
6.73834
7.21708
6.68159
6.13414
6.14115
6.28881
6.25466
6.26266
6.25748
6.11970
5.75415
4.43744
4.68190
4.46679
3.78792
3.52480
3.50764
3.81157
3.08652
3.94126
4.24527
4.17431
4.10547
2.57466
2.86326
3.76121
3.68622
3.31438
3.83947
4.04775
3.65794
3.96052
4.23650
4.64067
4.90034
4.77783
4.65408
4.85559
4.33322
4.33683
4.33943
4.24386
3.90457
3.46937
3.58047
3.85016
3.84095
3.04236
2.46466
1.95670
1.53640
1.27417
0.84607
1.59264
1.76618
1.71209
1.74740
2.13350
2.05311
1.78032
2.37797
2.06202
1.99515
2.77599
3.65942
4.24508
3.94662
4.17859
3.78697
3.77724
4.07952
3.84350
3.23160
3.08617
3.77673
4.21543
3.97562
3.82421
3.89238
3.61553
3.66278
3.63117
4.05481
4.14735
4.40378
4.13446
3.98472
3.91115
3.72912
3.41372
3.14017
2.74852
2.52984
2.41251
2.57146
2.06277
2.48805
2.77148
4.02439
4.65582
4.76261
4.67432
4.41884
4.23182
4.14494
4.11139
4.08680
3.85438
3.70916
3.53208
3.57750
3.69211
3.77493
4.09751
4.48887
4.38291
4.31012
4.67247
5.11814
5.00970
5.40816
5.83345
6.03289
5.86333
5.40792
5.25269
5.35237
5.50976
5.56162
5.38836
5.29343
5.00900
4.99160
4.79015
4.64227
4.63719
4.64317
4.49214
4.95688
5.34090
5.53199
5.48459
5.45863
5.15364
4.93799
4.89718
4.81654
4.31231
2.85085
2.11031
2.23956
2.09330
2.03356
2.39331
2.44034
1.99080
1.73330
1.45422
1.34462
1.60922
1.34812
2.05938
1.41144
1.52131
1.91427
2.16141
2.24861
2.02432
1.73283
2.08111
1.94074
1.66750
1.73622
1.79494
1.62291
1.53875
1.38784
1.85826
2.03176
1.63516
1.21220
1.15928
0.84505
1.17206
2.84115
4.30887
4.90059
5.34794
5.60110
6.19654
6.46947
6.83506
7.05286
7.01399
6.67058
7.96692
6.72201
6.94505
6.52162
6.28913
6.19324
6.03722
5.78836
5.09406
5.09988
5.25443
5.41276
5.42165
5.38359
5.51234
5.93260
5.97239
6.32327
6.55550
6.90167
6.05252
5.74058
5.94156
5.91523
5.54696
4.56234
3.76553
3.21797
2.77862
2.58452
2.89418
2.97508
2.81038
3.04787
2.70711
2.77274
2.77343
2.30410
2.79056
3.28830
3.65881
4.21366
5.03145
5.33633
4.30430
4.19936
4.37355
4.38739
4.26634
3.57217
2.75485
2.82091
3.02053
3.12969
3.08976
3.07615
2.94075
3.19023
3.31919
3.40701
3.53273
3.75500
3.71481
4.44443
4.61109
4.85296
5.05244
5.40930
4.26499
4.51456
4.66804
4.70729
4.50719
3.90543
3.92534
4.45445
4.78826
4.74067
4.48315
4.46927
4.54661
4.67145
4.53179
4.74967
5.26249
5.26854
4.60946
5.22013
5.80960
6.19959
6.43136
6.84518
6.25772
6.23970
6.38281
6.38233
6.19689
5.44860
5.66108
6.13003
6.52909
6.65985
6.57855
6.43210
5.86267
5.78583
5.90621
5.90435
5.67957
5.83391
6.09871
6.20871
6.40976
6.18223
6.26492
6.25953
5.61863
5.19800
4.39891
4.19912
3.80242
3.62107
3.19887
2.70110
2.31617
2.03005
1.75599
1.35154
1.22572
0.68142
0.19092
0.57478
1.09714
1.53175
1.32992
1.33647
1.85196
2.13968
2.13452
2.46641
1.46851
1.13955
1.11232
0.90154
0.72066
0.66242
0.96218
1.17981
1.33603
1.51404
2.08552
1.91210
1.42855
1.43780
1.92086
0.78182
0.62662
0.81042
1.39127
0.78021
0.05829
0.63150
1.55250
2.29406
2.08201
2.26240
1.72825
1.51282
1.77306
1.48858
1.64847
2.13436
2.42275
2.60700
2.63701
2.56251
2.44756
2.20527
2.37649
2.48953
3.38754
3.33118
3.38193
3.39521
3.30187
3.23696
3.73867
3.86618
4.77237
6.00764
4.04752
3.97642
3.93421
3.33544
3.00613
2.80864
2.88619
2.86798
2.72408
2.68968
2.60573
2.69173
2.74571
2.57891
2.32730
2.67757
3.22740
3.34960
2.96335
3.42027
3.94790
3.95166
3.49407
4.40788
5.07645
5.16784
4.05525
3.16956
2.80698
2.86420
3.32102
3.59263
3.90842
4.35353
3.61379
3.24459
2.87678
1.94418
1.74644
1.62073
1.56660
1.54876
1.25468
1.81083
2.14238
2.43710
2.00444
2.46474
2.82313
2.80132
2.68587
2.53991
2.47948
2.68286
2.46823
2.28900
2.27653
2.39742
2.46205
2.36571
2.42328
2.49168
2.35409
2.37818
2.63074
2.81445
3.10862
3.35243
3.30606
3.39208
4.29044
4.91340
5.40942
5.43848
5.17346
4.83236
4.56169
4.28888
4.27981
4.26190
3.83268
3.33359
2.61344
2.17118
1.84166
1.82282
1.90116
2.18616
2.19814
2.18217
1.93075
2.06484
1.94573
1.76773
1.32367
1.16902
1.29799
1.31651
1.38127
1.06950
1.07440
1.13057
1.75040
1.66480
1.29845
1.28605
1.36714
1.30500
1.51401
1.69982
1.67541
2.05612
1.74368
1.66535
1.76693
2.09170
2.50180
3.06199
2.83763
3.50776
3.89520
4.48071
4.47450
3.44855
3.40356
3.04512
2.63431
2.64722
2.77144
2.76972
2.76130
3.03664
3.07914
2.97741
2.89794
3.22652
3.58794
4.13799
4.51006
4.89718
4.98702
5.01725
4.42674
4.57606
4.66525
4.20355
3.34177
2.90532
1.86881
2.27927
1.69030
0.96411
0.44486
0.77459
1.43709
1.84656
1.93677
2.10926
2.11075
1.79316
1.87248
1.83115
2.19875
2.89031
3.61545
3.69611
3.26576
3.95967
4.12740
4.52972
4.50399
3.74549
2.99246
2.82140
3.06460
3.05018
2.86405
2.47994
2.80434
2.54096
1.99333
2.04075
1.95873
2.17944
1.79494
1.39946
1.15871
1.74812
3.03790
2.97728
2.90128
3.56061
3.94286
4.25324
4.17888
2.86630
1.95380
2.36843
3.03566
3.49433
3.45289
3.55999
3.58695
3.36470
3.36198
3.38395
3.33901
3.62650
3.89038
4.12482
4.31068
5.52159
6.54186
7.15463
5.33131
5.78979
6.54245
6.83817
6.18067
5.25146
4.67873
3.95302
3.30808
3.46748
2.58019
2.02533
1.76763
2.09412
2.01020
2.22478
2.74493
3.51155
4.02164
3.65144
4.05845
4.58600
4.74645
4.85858
4.87478
5.57311
5.73025
5.71043
5.92131
6.27974
5.45751
4.36350
3.86234
3.50874
3.34270
3.06077
2.78825
2.81919
2.84968
2.75759
2.87050
3.12317
3.41241
3.59306
3.79581
4.23770
5.00868
4.83797
3.77484
3.19934
3.48716
3.69732
3.37042
2.47402
0.79102
1.53639
1.92035
2.15202
2.50299
2.79473
3.27596
3.41211
3.45762
3.56376
3.57736
3.65703
3.65839
3.60228
3.49995
3.47423
3.63904
4.30026
3.44066
3.85209
4.03187
4.22347
4.14951
3.14442
2.74875
2.99060
3.42070
3.63030
3.61569
3.60186
3.34963
3.31923
3.34729
3.37303
3.46278
3.68390
3.85338
3.71042
3.80922
3.94615
4.38163
5.23061
4.72511
4.85460
4.85311
4.76038
3.67969
3.22529
2.94228
3.31102
3.70023
3.72877
3.66382
3.85653
3.98324
3.98027
4.16738
4.49405
4.50898
4.56047
4.51737
4.75239
4.91319
4.99982
5.28765
6.02989
5.51585
6.13041
6.25539
6.48211
5.78556
5.00285
4.01238
3.47735
3.66520
3.69529
3.44334
3.45747
3.62498
3.41517
3.27173
3.52274
3.56520
4.06269
4.67369
5.16267
5.06845
5.11410
5.40700
5.83104
6.26033
6.49379
6.47031
6.43419
6.32185
5.54381
4.94233
4.74977
4.66332
4.31058
3.87040
3.74270
3.91898
4.25027
4.51309
4.72137
4.94218
5.22965
5.54014
6.29929
6.73454
8.20421
9.02708
9.01222
7.56368
8.35507
6.75499
7.22402
7.87672
6.44263
5.83247
5.54910
5.44887
5.23922
5.13414
5.14542
5.01184
5.13200
5.09606
5.29006
5.49860
5.60859
5.71085
5.33005
5.84705
6.07673
6.06530
5.82049
5.16237
5.32802
5.30427
5.19190
4.87547
3.84669
3.21721
2.63237
2.42605
2.07791
2.09119
2.23391
1.94288
2.25747
2.50708
2.55755
2.71769
2.83097
3.15015
3.00476
3.10012
3.62355
4.21357
4.75022
5.05735
4.95903
4.97140
5.06097
4.56116
4.36387
4.64829
5.07252
5.65135
6.05826
7.55217
8.19049
7.08872
7.13386
6.82793
6.33754
6.39579
6.54024
7.50124
8.22670
7.74175
7.12567
7.47764
8.57674
7.04578
7.60992
7.64661
7.58916
6.93868
6.04214
5.65268
5.33166
5.25001
5.20041
5.01465
4.81175
4.91335
4.88874
4.68750
4.39109
4.28570
4.44320
4.31952
4.89040
5.08957
5.54607
6.23336
6.10355
4.86183
5.32806
5.32872
5.12491
5.43501
4.67438
3.81184
3.34304
3.01477
2.78121
2.79540
3.05927
3.07323
3.03378
2.96217
2.68698
2.57884
2.86539
2.80315
2.70955
2.52953
2.74384
3.26775
3.50591
3.45228
3.37772
3.59126
3.83657
3.83045
3.53801
3.47954
4.01889
3.97141
3.56876
3.51057
3.74682
4.15280
4.07916
4.27301
4.49187
4.56349
4.61571
4.95536
5.45002
5.68574
6.02889
6.18985
6.18191
6.05579
5.88858
5.80042
5.68695
5.80158
5.37095
4.28119
4.14646
4.20639
4.55702
4.65004
4.66523
4.88928
5.12068
5.41424
5.83050
5.94563
6.06265
5.86119
5.21488
5.60301
7.29730
7.26416
6.89611
6.67214
6.00807
5.79846
5.93108
5.31373
5.18410
5.52163
5.08820
4.78578
4.77848
4.87806
4.91079
4.39998
4.23115
4.06920
3.85938
3.94266
4.01697
4.04993
4.55307
4.56207
5.75213
6.03961
6.07927
4.40545
4.87412
5.18285
5.50959
5.41761
5.44863
5.36247
4.64555
3.97666
3.66753
3.31041
2.62955
2.95618
2.95663
3.47841
4.09202
4.29146
4.16959
3.91009
4.35886
4.07915
3.84293
5.01211
6.01410
4.98006
5.16571
5.18092
4.82072
4.79918
3.84436
4.30073
3.71273
2.32330
2.23535
2.50440
2.46656
2.41991
2.48139
2.29001
2.41564
2.86478
3.29826
3.56493
3.49534
3.26302
3.45261
4.07087
3.78203
2.72739
2.14291
1.84099
1.78136
1.89187
1.83886
1.45883
1.65709
2.01128
2.13864
2.15615
2.21064
2.01539
1.95182
1.89842
1.71287
1.62384
2.12962
1.73833
1.84861
2.13680
2.17730
2.05212
2.08656
1.60655
1.98876
2.23299
2.19572
2.04623
1.91892
1.20067
1.84379
2.20919
2.28801
2.11710
4.08454
5.44113
5.33839
4.72953
4.29095
4.26032
4.20393
5.11042
5.25626
5.31464
5.36225
5.33120
5.34145
4.84433
4.81314
4.83654
4.89178
4.98634
5.00725
4.45328
3.88459
3.73549
3.87662
3.70555
3.23833
3.12013
2.81542
2.68009
2.64296
2.88013
3.22141
3.95678
4.18126
4.17977
5.13155
5.49864
5.42538
4.37250
4.54174
4.75045
5.17650
5.39505
4.83198
3.84250
2.73468
2.36024
2.70605
3.05308
3.38192
3.27857
3.23504
2.91166
2.65209
2.68757
3.19108
3.60259
4.54471
5.18372
5.76904
6.55791
6.52575
5.65527
5.88215
5.57402
5.00884
4.74452
4.36005
3.94354
3.51776
2.89205
2.21695
1.87312
1.90677
2.10984
2.01797
1.87966
2.09518
2.18884
2.09487
2.14930
1.78389
1.70930
1.77441
1.85612
2.03772
1.37692
1.76854
2.35729
2.84227
3.06500
3.09986
1.73597
1.42267
1.36140
1.29424
1.56078
1.45489
1.11396
0.85172
1.25933
1.53583
1.68376
2.04379
1.53323
1.20834
0.78590
1.04456
1.51560
1.90331
1.85249
2.24397
2.74624
3.20699
3.22340
3.46188
1.69857
1.93181
3.32078
3.67244
3.51424
3.30706
3.87641
4.53336
5.19474
5.35032
5.14631
4.80033
4.40866
4.50998
3.92892
3.88176
4.08175
4.21013
4.98137
5.14881
5.45552
5.65448
6.15565
5.54539
5.06749
4.41841
3.99775
3.78140
3.27559
3.22052
2.45108
2.41698
2.00563
2.11244
2.11095
2.45425
2.14771
1.78664
1.65835
2.16656
2.74832
4.20092
4.71392
5.25508
5.67559
5.06564
5.92034
5.42202
5.03550
4.38491
3.86167
3.28155
3.31359
3.71307
4.04442
4.00267
3.79422
3.80933
3.74714
3.63014
4.89028
4.24449
4.13497
4.48949
4.81578
5.07328
4.57049
4.82118
4.96309
4.92578
4.66327
4.29317
3.22050
3.00118
3.11889
2.67137
2.68532
2.58766
2.76048
2.57985
2.67589
2.57334
2.20372
2.22455
1.98709
1.45930
0.66862
1.64365
2.56975
2.37664
1.85803
1.57486
1.95883
2.47449
2.73270
1.87972
1.22731
1.67736
1.91893
1.87434
2.04896
2.31488
2.43526
1.90124
1.73011
2.67275
3.34605
3.68688
3.62066
3.52465
3.58595
3.76432
4.43838
4.16810
3.86549
4.11840
4.18058
2.81211
1.58629
0.54919
1.03597
1.17121
1.21243
1.20012
1.29979
0.38175
0.71439
1.38517
1.71575
2.07751
2.45286
2.38003
2.33572
2.41026
2.45090
2.54260
2.41932
2.37005
1.99063
2.80343
3.23333
3.74043
3.53873
3.54269
3.44027
3.10546
2.98806
2.98657
3.04234
2.81364
2.50258
2.68445
2.80072
2.54166
2.73571
2.88345
2.79650
2.74791
2.64547
2.67015
3.10794
2.95300
2.30597
2.55676
2.85969
3.07778
2.81109
2.01513
2.08476
1.85305
2.02516
2.09198
2.27370
2.42579
2.87159
2.38291
2.19893
2.47542
2.64882
2.81861
3.29060
3.79341
3.66120
3.67822
4.11817
4.46144
4.37328
5.34640
5.77273
5.77192
5.66214
5.37800
4.41633
3.27392
2.46449
2.34360
2.55465
2.56899
2.86406
2.95546
2.93853
2.95375
2.95913
2.97695
2.62588
2.62273
2.67856
2.97655
3.64902
3.85538
2.72242
2.76929
2.66345
2.76354
2.94110
2.69269
1.90588
1.71055
1.89637
1.99131
2.01845
2.21563
1.95494
1.97938
2.12664
2.08719
1.89202
2.64193
2.93175
2.64659
2.48053
2.28194
2.73274
3.56568
3.56958
3.75556
3.99076
4.10976
4.34690
3.76904
2.78085
1.85152
1.89048
2.29320
2.20537
2.42215
2.72191
3.03974
2.99019
2.71481
2.82197
3.01937
2.99357
3.10814
3.72867
4.20143
4.10618
4.11903
3.81436
3.56658
3.76038
4.72655
4.30517
3.49736
3.58248
3.61204
3.04149
2.95336
2.96629
2.93936
2.53630
2.55474
2.55408
2.25739
2.22530
2.55831
2.56958
2.63453
2.77794
3.49870
3.92998
3.93505
3.36645
3.28376
3.50315
3.58277
3.51984
3.16133
2.13985
1.55933
2.42563
2.42933
1.77386
1.61487
1.43023
1.80165
2.04843
2.18377
2.30039
2.35493
1.73048
1.59492
1.47741
1.65779
2.03533
2.11730
1.74689
1.28309
1.51542
1.77455
1.72120
1.52802
1.20634
1.47321
1.38675
1.50445
1.87318
2.19080
1.88082
1.46439
1.27332
1.33747
1.49140
1.54853
1.12536
0.92406
1.05504
1.21098
1.32361
1.56833
1.72359
1.93352
2.15093
2.40588
2.54569
2.12752
1.64065
1.85020
2.21520
2.42328
2.52984
2.70829
2.43368
2.38888
2.31837
2.14826
2.29320
2.49069
1.97392
1.80896
2.42154
2.90462
3.38323
3.84989
3.96663
4.07207
4.01876
3.95254
3.93330
3.62095
2.76899
1.86900
1.88966
2.01490
2.28672
1.98186
1.87047
1.66721
1.56227
1.59072
1.49653
1.47424
0.74185
0.27080
0.28953
1.00988
1.73412
1.83431
1.67860
1.16513
0.91179
0.83662
0.99576
0.54990
0.40100
1.01968
1.52073
2.32837
2.87000
2.71138
1.76420
1.63326
1.58449
1.51375
1.48755
2.05494
2.36538
2.67284
2.75810
2.87823
3.07326
3.03326
2.51498
2.19828
1.97504
1.70405
1.68691
1.92356
1.58923
1.75715
2.10040
2.62753
2.90242
2.91418
2.88842
2.63115
2.37913
2.19561
2.19413
2.48130
2.52522
2.80441
2.69561
2.30111
2.24677
2.63971
3.44788
3.18613
3.05790
2.88438
2.50371
2.11348
1.49986
1.46088
1.39144
1.48639
1.86944
1.74500
1.57335
1.33393
1.37952
1.15884
1.31768
1.69131
2.11999
2.20456
2.26104
2.10437
2.33210
2.88795
3.17074
3.88046
4.60684
4.60257
4.31048
3.84857
4.78264
3.27846
3.46296
4.42863
4.69649
4.08718
3.77033
3.69714
3.81962
4.13769
4.42243
4.38714
5.74182
6.54448
6.46029
6.24207
6.56996
6.61731
5.90623
6.69116
6.00673
6.41579
6.26571
5.46535
4.85932
4.46735
4.12052
4.00719
3.77032
3.74114
3.93900
3.88109
3.74880
3.48779
3.51923
3.54034
3.47645
3.33286
3.10128
3.30405
3.81501
4.06948
3.26300
3.90558
4.31101
4.46854
4.23733
4.20762
3.29182
2.86389
2.32870
2.33185
2.33395
2.27654
2.18786
2.18817
2.30334
2.40402
2.61608
2.92339
2.65802
2.64539
2.95953
3.45007
3.42710
3.23986
4.05109
4.07932
3.39632
3.66769
3.98752
3.96370
2.49114
2.26520
2.32282
2.37363
2.31772
2.30342
2.76365
2.74040
2.61638
2.35035
2.46884
2.74355
2.78705
2.78883
3.26092
4.21447
4.49875
4.97586
3.94381
4.23133
4.71341
4.70974
3.84583
3.19177
2.40648
1.49170
1.72733
1.56898
1.75491
2.06650
2.41064
2.60749
2.86549
3.27006
3.66688
4.09199
4.46535
4.84680
4.88817
5.10759
5.47012
6.32644
7.28278
7.75083
8.24067
6.98460
6.28019
5.70473
5.23237
4.89158
4.96589
4.98579
4.65593
4.35458
3.78621
3.84915
3.44674
3.74510
3.69184
3.43612
3.49000
4.24282
3.99688
3.22177
3.30118
3.40240
2.89710
3.02949
3.08627
3.18242
3.06422
2.78391
2.30575
1.74975
1.63007
1.97813
1.87388
1.76896
1.83103
0.69162
0.28979
0.73276
0.38819
0.42149
0.92215
1.16803
1.28678
1.68431
1.63747
1.73604
1.75728
1.53241
1.65861
1.77491
1.67283
2.05855
2.16578
1.22084
1.51514
1.88288
1.88049
2.09497
1.31684
1.99126
1.76822
2.71143
3.40041
3.47089
3.37875
3.40277
3.72547
4.74110
4.74416
4.73688
4.72804
5.09336
5.05655
5.27898
5.41127
4.89806
4.13718
3.67164
3.53651
3.48868
3.55641
3.56989
3.82366
3.51143
3.52405
3.64248
3.72575
3.90577
4.02509
4.24027
4.38095
4.90962
4.70087
4.39309
3.68912
3.85621
3.77847
3.80003
3.90709
3.61629
2.82387
2.33843
2.23989
2.53834
2.55955
2.46506
2.08970
2.03659
1.78189
2.05640
1.47640
2.14945
2.09215
2.21953
2.81273
3.40228
3.69435
3.94837
3.40014
3.72445
3.94930
4.07889
4.21213
3.87606
3.04489
2.52636
2.51854
2.48883
2.20569
2.01787
1.88757
1.94062
1.91037
1.84098
2.02947
2.47743
2.19867
2.27902
2.42672
2.78689
3.66310
3.46599
2.18007
1.92897
1.97483
2.29064
2.57903
2.67084
1.82530
1.58788
1.86114
1.97171
1.94888
2.09731
1.91258
1.95904
1.88558
1.97288
1.29950
1.55080
0.92686
0.85481
1.18322
1.75651
1.88580
1.84989
1.58713
1.79254
2.08259
2.31615
2.32231
2.08831
1.67263
1.96274
2.16036
2.23831
2.17956
2.09105
1.99239
2.01538
1.99093
2.08962
2.30976
2.79050
2.42554
2.37529
2.41512
2.55064
3.06821
3.26387
3.25078
3.48259
3.70240
3.87439
3.94530
3.17492
2.80661
2.56866
2.41647
2.35148
2.26702
2.10859
1.74322
1.85220
1.95263
2.10453
2.65006
3.18618
3.63081
3.76690
4.09639
4.29866
4.22173
4.14202
3.86770
3.93064
4.01583
4.10977
4.01712
3.89064
3.49714
3.23267
3.29613
3.18198
2.82431
2.54051
2.67983
2.08920
1.66087
1.68027
2.19098
2.52284
2.49891
2.28254
2.52828
2.85213
2.75545
2.45881
1.95174
1.74836
1.64900
1.87793
1.89194
1.46100
1.24918
1.30512
1.92918
2.02707
2.02646
2.02034
2.19427
2.16915
2.08072
1.95123
1.44064
1.72318
1.42864
1.72514
2.69825
3.26481
3.56483
3.81313
4.11740
4.54662
4.72328
4.86208
4.91909
4.87499
3.97563
3.41489
3.08933
3.07480
3.04176
2.95617
2.86629
3.04855
3.29994
3.44290
3.60989
3.63570
4.28857
4.63445
4.97681
5.37769
5.61287
5.48656
4.67556
4.70699
4.68833
4.99658
5.18747
4.98562
4.29597
3.27857
2.54292
1.97190
1.95573
2.17563
1.96148
1.97806
1.87479
1.67742
2.16436
2.57952
2.31704
2.42076
2.99574
3.26290
3.39129
3.38397
2.95671
3.04081
3.28931
3.57315
3.87450
3.84955
2.93430
2.13535
2.01542
2.13215
2.21747
2.48438
2.66193
2.63596
2.39455
3.04963
3.22051
3.20967
3.09087
3.24177
3.10540
3.17597
3.81170
4.07279
4.06301
4.01800
3.93281
3.87466
3.79990
3.60382
2.47258
1.93643
2.06445
2.34694
2.50202
2.51446
2.30529
2.09770
1.93829
1.84953
1.99425
2.21550
1.77685
1.82304
2.34499
2.72088
2.67359
2.73456
2.84343
2.60953
2.61942
2.78926
2.97837
2.94801
1.74700
1.37430
2.04269
1.85386
1.88789
1.81784
1.67912
1.68056
1.78008
1.74775
1.95296
2.21302
1.86398
1.56564
1.45002
1.61992
1.80006
1.66225
1.40670
1.56529
1.77791
2.06120
2.56154
2.98251
2.20829
1.47817
1.25824
1.50773
1.61254
1.48936
1.65618
1.57364
1.42074
1.40024
0.88794
0.73939
0.81513
0.39393
0.41905
1.35019
1.94244
2.34090
2.29731
2.51329
2.97042
3.51477
3.44872
2.84414
1.63148
1.05778
1.52610
1.94637
2.30100
2.54508
2.42926
3.03833
3.46794
3.70945
3.80347
3.98612
3.88259
4.25975
4.29872
4.36382
4.53910
4.65270
4.77688
5.27882
4.39783
4.67356
4.72459
3.88620
3.73569
3.44655
3.17921
3.46754
3.64252
3.47728
3.34440
3.05755
2.75459
2.64615
2.79778
3.21461
3.09606
2.79961
2.36106
1.78559
1.96052
1.95191
2.78875
2.40259
1.99045
1.86588
1.54678
1.25403
1.31200
0.91646
1.80625
1.97699
2.04886
1.81487
1.65094
1.84488
1.69786
1.48713
1.75562
2.00250
1.61638
1.44793
1.82954
2.21958
2.71704
2.78980
2.73752
2.76259
2.22689
1.75734
1.41094
1.16994
0.92407
1.02963
1.62185
1.71748
2.24665
3.11709
2.95887
1.82920
2.29675
2.57606
2.19118
2.27986
2.50417
3.23397
3.48551
3.87852
4.61001
5.00580
4.11952
4.11444
4.42886
5.62125
2.76722
1.87536
1.42975
2.07958
2.47977
2.80924
3.59284
4.72698
3.54253
3.23792
2.98350
3.15990
3.54942
3.92511
4.03179
4.25778
4.88957
5.42803
5.81791
6.10954
6.53119
6.78086
7.08187
6.79180
5.99542
5.76882
4.75403
5.00106
4.73218
4.21746
3.61299
3.62227
3.96415
4.69672
4.95728
5.53615
6.29651
6.15157
5.84424
5.67967
5.36044
4.83400
5.06146
5.33173
5.13053
5.80263
6.06741
5.72553
5.21265
4.49496
3.63237
3.17988
2.90265
2.44149
1.67536
1.57769
1.82025
1.88357
1.69973
1.69437
1.75384
2.38031
2.09380
1.87026
2.33673
3.09368
3.83073
4.18737
2.97050
3.17517
3.39059
3.59681
3.69828
2.82101
2.06484
1.32372
1.56008
1.12522
1.39003
1.90123
1.10150
1.77597
1.45338
1.53925
1.83351
2.35586
2.50252
2.84386
2.74847
2.65984
3.27167
3.72516
3.44093
2.52370
2.35428
1.94604
1.37650
0.90851
0.59068
1.02581
1.66473
2.49528
2.91953
2.85225
3.89316
3.79251
3.68641
3.91525
3.74629
3.52381
3.66959
4.62523
4.33177
4.39452
4.73046
4.94435
4.21929
4.70680
5.08668
5.55754
5.41477
4.83173
3.90214
3.08082
2.49775
2.39696
2.41584
2.37822
2.59030
2.42289
2.38607
2.38959
2.49029
2.75838
2.59615
2.41435
2.34309
3.09795
3.81637
4.04643
3.24393
3.11718
3.24769
3.31411
3.19835
2.97434
2.14782
1.56853
1.52462
1.47885
1.65709
1.94393
1.63541
1.59810
1.50170
1.45972
0.82524
0.91161
0.70939
0.82199
1.13803
1.31438
1.38653
1.39898
1.81128
1.46655
1.22799
1.20425
1.01187
0.38724
0.40945
1.34153
2.98990
3.39050
2.22767
1.52971
0.75319
1.18638
1.33202
1.42993
1.18567
1.17596
0.84632
0.82693
0.95586
0.79403
0.99125
1.61761
2.37081
2.60174
3.51965
3.86010
3.82090
3.35052
3.70103
4.62132
4.17900
3.59349
3.95125
4.17642
4.01197
3.82025
3.81482
3.81920
3.78647
3.80384
4.17765
4.46929
4.71623
4.91896
5.13256
5.18123
4.87334
4.69352
4.99867
4.57076
4.47523
4.03596
3.16149
2.38064
2.42319
2.79546
2.99327
3.17820
2.54026
2.65840
2.72786
2.92386
3.34667
3.61988
3.70609
4.17859
4.26279
3.73260
3.20333
2.36379
2.50012
1.98603
1.99858
3.45450
4.41317
4.44095
5.15805
5.23158
4.64314
3.70459
3.09427
3.13981
2.76686
2.95364
2.85987
2.87827
2.76701
2.62799
2.81695
2.82157
2.97086
3.20185
3.88637
3.62358
5.44143
5.19911
5.97178
6.01991
6.24735
5.80980
4.80957
4.88560
4.94323
4.82209
4.67996
4.61336
4.51866
4.84672
5.06449
4.94838
4.92164
5.00597
4.79364
5.44005
5.47560
5.45261
5.83141
5.97185
4.83095
4.75573
4.71089
4.73718
4.22988
3.20466
2.35114
2.30456
2.34761
2.43412
2.41921
2.44445
2.46092
2.17507
2.04455
1.86101
1.79808
2.17355
1.71336
1.60002
1.91189
2.54231
2.58495
2.53503
1.96448
1.88397
1.74631
1.57741
1.35032
1.24481
0.95529
1.19899
1.83173
1.84818
1.78546
1.71758
1.61345
1.54230
1.63922
1.65343
1.39956
1.71306
1.04970
0.90784
0.86280
1.44103
2.10298
2.51306
2.68185
2.53093
2.35742
2.26537
2.12922
2.13726
1.77896
1.78822
2.07814
2.39629
2.36205
2.20454
2.00163
1.63371
1.52311
1.49356
1.22366
1.03136
0.78087
0.99778
1.37917
1.50949
1.65876
1.66165
2.92123
2.87173
2.83671
2.85553
2.71337
2.40828
1.97443
2.34439
2.66922
2.98837
3.19240
3.15457
3.23160
2.89244
2.70056
2.63398
2.48567
2.40191
2.17524
2.25436
2.09165
2.07304
2.29953
2.53770
2.33902
2.67317
3.05111
3.13827
3.24155
1.79537
1.34296
1.48899
1.75990
1.89534
1.69696
1.50797
1.46566
1.57671
1.73278
1.78884
1.52533
1.81409
1.34137
1.43321
1.44117
1.38342
1.62421
2.03156
1.77752
2.00493
2.22435
2.58545
2.55184
3.01919
2.24812
2.13193
1.72427
1.57631
1.82346
1.73357
1.46328
1.02279
1.67580
1.43425
2.02465
2.35885
2.14778
2.29389
2.56237
2.80212
2.92965
2.69693
3.58766
3.47641
4.78586
3.75087
3.84310
2.95689
2.40459
2.81526
3.14151
3.51062
3.73912
3.90362
4.15884
3.74396
3.22543
3.09530
2.81775
2.87625
2.98394
3.37214
3.82158
4.00663
4.41760
4.39030
2.77322
2.59131
3.19410
2.73175
2.36887
2.16355
2.25635
2.07924
2.05900
2.30963
2.51228
2.79462
2.59256
2.47530
2.04883
1.56867
1.59211
1.58802
1.24403
1.30336
1.57122
2.09469
2.87046
3.06533
2.36720
2.51590
2.73468
2.83535
2.72249
2.65800
1.65159
1.89557
1.61879
1.17181
1.43474
1.94952
1.81006
1.84675
1.72913
1.21480
1.08673
0.95581
0.07756
0.35579
0.54632
0.76795
0.85102
1.10385
1.38452
1.28248
0.89458
0.76336
1.21585
1.43948
1.07921
1.64092
2.05506
2.11244
2.28556
2.34424
2.21784
1.99183
1.61219
1.45984
1.71273
2.09533
1.96021
1.90922
2.07608
2.39280
2.55598
2.30133
1.79574
1.73713
1.65076
1.85372
2.12177
2.21399
1.87116
2.36337
2.81655
2.85159
2.82357
2.50163
2.28067
1.88859
1.76763
1.88011
2.03688
2.29130
2.31482
2.48826
2.45563
2.51175
2.97706
3.71404
3.17173
3.36317
3.28098
3.03277
2.55050
1.93934
0.95353
1.79318
2.04575
2.09262
1.96883
1.80842
1.65932
1.62799
1.49188
1.55185
1.62399
2.08526
2.12683
2.35185
2.42361
2.45478
2.69998
3.30939
1.97224
2.40697
2.80675
3.05082
2.99424
2.51535
2.21625
2.31945
2.40364
2.16094
1.85735
2.10938
1.77743
1.88436
1.91113
1.95991
1.70049
1.78547
1.92942
1.75271
2.00685
2.46330
3.13243
3.37849
2.82148
2.85828
2.80222
2.78489
2.63092
1.91728
1.30592
1.60403
1.74114
1.86995
1.88353
1.78912
1.52846
1.52316
1.50222
1.50478
1.53217
1.79114
1.71981
1.51921
1.50131
1.90863
2.79441
3.07917
2.18143
2.08600
2.10552
2.19221
2.27645
2.06561
1.37612
1.79562
1.84469
1.88594
1.83024
1.96339
1.82335
1.77046
1.68280
1.78034
1.74267
2.23796
2.47933
2.51065
2.63100
2.77867
2.99812
3.41140
3.20372
2.98647
2.83436
3.27860
3.45561
3.03650
2.71166
2.61949
2.75802
2.70898
2.46096
2.30256
2.48420
2.35223
2.45043
2.45727
2.49232
2.65155
2.76624
2.70522
2.80366
2.89056
3.13801
3.82598
3.70848
3.21748
2.91912
3.08940
3.18486
3.27220
2.93507
2.96013
2.98613
3.06757
2.98698
2.89909
1.87828
1.18343
0.62943
1.96079
3.12275
3.15374
3.02877
2.85354
2.61028
1.75703
1.35071
1.47333
1.57875
1.78611
1.72727
1.50969
2.08219
3.09204
3.52693
3.21693
3.10932
2.92359
2.75827
2.77679
2.24654
2.28809
2.38101
2.31215
2.47389
2.76969
2.63242
3.27279
3.16210
2.53363
2.43470
2.76476
2.98743
3.09634
3.01873
2.99400
2.85197
2.57796
1.94906
1.84360
2.06155
1.73737
1.94848
1.88724
1.91945
2.07073
2.69965
2.89575
3.14443
3.24238
3.21574
3.77098
4.54509
4.94997
4.85282
4.59427
4.35278
4.36851
4.17132
3.78356
3.60185
3.28818
2.51047
2.31724
2.35298
2.49561
2.76239
2.91787
3.07000
2.95805
2.94759
2.74943
2.53979
2.68852
2.73502
2.78175
2.80036
2.84866
3.03127
2.73778
2.41166
2.16608
1.83962
1.59246
1.45037
1.61864
1.26859
2.01121
2.03524
2.08399
2.23537
2.33449
2.18482
1.81172
1.46799
1.34987
1.28596
0.88935
0.93995
0.37011
0.15927
0.21902
0.48823
0.76962
0.71735
1.14471
1.38703
1.45471
1.39813
1.37633
1.35106
2.06038
2.32099
2.44563
2.48055
2.36027
2.33127
1.90099
1.84858
1.69642
1.38673
1.34019
1.30591
0.80530
0.73484
0.74117
0.76111
0.64940
0.19884
0.73594
1.51780
1.50677
1.30062
1.46189
1.44367
2.06802
2.15496
2.36063
2.43045
2.41502
1.85364
1.94104
1.88466
1.73866
1.71346
1.60760
1.79531
1.58825
1.72748
1.96617
2.33077
2.52028
2.04669
1.59952
1.29646
1.51037
1.97758
1.91275
1.68226
1.83289
2.01819
2.20267
1.95818
2.06468
1.95171
1.70972
1.68544
1.62607
1.66345
1.89280
2.15075
1.96213
2.18019
2.77477
3.60817
3.73988
3.07473
2.87645
2.72745
2.69959
2.90989
2.62381
2.28743
2.41442
2.68748
2.82882
2.89328
2.99071
3.40027
3.28168
3.06634
2.96681
2.98909
3.12083
3.35821
3.53220
3.78954
3.77729
4.22501
4.99847
4.06303
4.07732
4.20709
4.34252
4.29607
3.36015
2.54636
2.57307
2.96745
3.09377
3.05143
2.95534
3.08195
3.14054
3.37563
3.59903
3.71301
3.80388
3.92026
4.06008
4.13451
4.28875
4.60103
5.15470
4.39646
4.42738
4.36366
4.20782
3.98050
3.19861
2.78772
2.87461
2.95347
2.88433
2.78814
2.83958
2.58804
2.09536
2.13261
2.26178
2.38953
2.67271
2.92763
3.11625
3.26465
3.37966
3.74571
4.31088
3.95718
4.39901
4.80905
5.05267
4.89258
3.90949
3.44913
3.22707
3.16159
3.67387
3.73796
3.62425
3.54639
3.62804
3.63547
2.85761
2.99428
3.31600
3.70181
3.98568
4.72634
5.18543
5.28356
5.68100
5.93784
6.24023
6.64610
6.90092
6.66280
5.30876
4.59272
4.30877
4.12580
4.08708
4.31420
4.37926
4.30906
4.26205
4.29452
4.22647
4.26253
4.40958
4.59236
5.65240
6.40139
6.42743
6.35032
6.29998
5.29348
5.30105
5.24557
5.14431
4.81681
4.65129
4.81272
4.99055
4.99485
4.89120
4.60965
4.41793
4.52594
4.18091
4.17598
4.09914
4.07487
4.18712
4.50636
4.57831
5.01474
5.20947
5.26507
5.34329
5.28972
5.88168
6.24892
6.40618
5.74862
5.18160
5.05886
5.09735
4.99465
4.60834
4.10598
3.42184
3.05187
2.89293
2.98565
3.12418
2.99101
2.99783
3.43637
3.57035
3.42505
3.77768
3.85019
4.20692
3.45834
3.76910
4.36029
4.64343
4.17944
3.74647
3.82756
3.87484
3.31329
3.02786
3.07146
2.93423
3.21003
2.94802
2.88763
2.99593
3.06683
3.07121
3.15385
3.22173
3.27126
3.36147
3.49238
3.72698
3.23286
3.52308
3.86691
4.00498
3.50685
2.77341
2.34583
2.51147
2.66511
2.73194
2.71409
2.51900
2.40206
1.97995
1.77669
1.68582
1.74214
1.97843
2.46762
2.09878
2.12846
2.29143
2.56269
3.22385
3.51967
3.53977
3.13408
2.89031
2.72382
1.64401
1.99974
2.22884
2.26540
2.31156
2.20518
2.10017
1.79455
1.95384
1.99981
2.07426
1.92659
1.41981
2.02630
1.51814
1.46833
1.52163
1.64503
1.78738
1.93398
2.05175
1.90105
1.86579
1.77845
0.99990
1.87849
2.10078
2.18980
2.26581
2.17245
2.13634
1.75328
1.71234
1.52984
1.71547
1.63332
1.40771
2.01542
1.47136
1.34467
1.47590
1.64095
1.82455
2.48857
2.98874
2.97319
2.87274
2.49494
1.59029
1.95814
2.05320
2.20972
2.29684
2.21481
2.10225
1.71395
1.90521
1.97345
1.92417
1.74766
1.53030
2.15344
1.85477
1.92003
2.11332
2.38064
2.75268
2.92099
3.40132
3.30292
3.16634
2.78953
2.00879
2.11443
2.39945
2.50637
2.65098
2.12423
2.07947
2.41414
2.48245
2.58129
2.61373
2.66369
2.82033
3.09509
2.99579
3.09462
3.15294
3.23939
3.45667
2.80042
3.14182
3.54414
3.96993
3.64827
3.11221
2.98198
3.21632
3.36512
3.37232
3.22088
2.87898
2.07771
2.82672
3.27898
3.71037
3.46966
3.31806
3.55580
3.71464
4.20993
4.21442
4.66409
5.04844
4.78723
5.14815
5.31286
5.16168
5.11326
3.90608
3.10324
2.46112
1.82404
1.96934
2.53783
2.79957
2.90626
3.01295
3.12230
3.11198
3.05350
3.06176
3.30510
3.44707
3.48590
3.47515
3.57394
3.94024
3.55496
3.42296
3.42843
3.41479
3.30518
2.91149
2.71623
3.18803
3.79877
3.95239
3.27810
3.19533
3.42412
3.67468
3.81963
3.91823
3.99606
4.08070
4.53452
5.03157
5.53081
5.61689
5.80767
6.08066
6.40950
6.99208
6.98347
6.64161
6.59978
6.45076
5.97995
5.32703
4.49884
4.35993
4.34374
4.30827
4.04045
3.92574
3.96193
4.10472
4.21759
4.34155
4.54103
4.94797
5.17617
5.51786
6.15295
6.34508
5.76413
5.47009
5.75151
5.73565
5.28701
4.68043
3.58178
3.37767
3.80464
4.03901
4.12139
4.27657
3.99639
4.35123
4.53948
4.96806
5.24257
5.32275
5.64361
6.76248
7.25284
7.01441
6.33457
6.28487
6.80309
6.90557
7.23217
6.74156
6.40954
6.00392
4.96302
3.98366
4.06611
4.01552
3.82543
3.60651
3.33575
3.04635
2.94796
2.92738
3.10700
3.24818
3.24786
4.11573
4.48018
4.71758
4.59338
4.75520
4.37255
4.75755
4.16816
3.67515
3.72959
2.81749
2.43300
2.38351
2.52076
2.29550
2.42466
2.43839
2.63216
2.40995
2.30934
2.30528
2.29690
2.19819
2.49512
2.46066
2.32699
2.68460
3.30502
3.84782
4.05628
4.41187
4.54163
4.46438
4.32662
3.68090
2.30188
1.77327
2.00462
1.88475
1.67225
1.76587
1.45296
1.77135
2.04035
2.30569
2.43196
2.62650
3.02665
3.91355
3.73175
4.23974
4.45372
4.69567
4.45658
4.50664
4.42893
4.50593
4.61395
4.30098
4.24472
4.06683
3.84638
3.53414
3.49339
3.40881
3.56853
3.53507
3.48315
3.59781
4.13265
4.31603
4.06757
4.94106
5.13070
5.35251
5.28409
5.69570
5.59125
5.74600
5.91895
5.23590
4.75026
4.30162
3.54646
3.31299
3.47761
3.67968
3.68553
3.72459
3.41846
3.95923
3.86211
3.82787
3.70148
3.69390
3.78534
4.02716
5.22189
4.92134
4.80169
4.90084
4.34320
5.20958
5.08651
4.17195
4.23035
4.30060
3.78719
3.05066
3.27177
3.07241
2.85687
2.60320
2.64277
2.79604
3.00439
3.11706
3.26174
3.48876
3.48631
3.43820
3.53230
3.66314
3.82991
4.08583
4.40071
4.63306
5.11090
5.46914
5.37342
5.10239
4.60369
4.30880
3.79019
3.38487
2.91661
2.73934
2.84314
2.74266
2.77251
2.84998
3.03607
3.07208
3.26435
3.20633
3.10473
4.18293
4.01558
3.47216
2.42606
2.60275
2.77589
3.06640
3.19793
2.67823
1.58549
2.30004
2.30875
1.87311
0.80756
0.31970
1.38115
1.50228
1.68937
1.94985
2.09053
1.97340
1.38663
0.88906
0.59899
0.76193
1.26262
1.57574
1.56738
1.11315
0.83472
0.94625
1.35188
1.07579
2.13360
2.05136
2.06244
2.14855
2.04566
2.01411
1.95419
1.77862
1.66304
1.82721
2.00106
2.11359
2.60431
2.76791
2.90993
3.23514
3.80136
4.53549
3.90874
3.98409
4.14160
4.08086
3.53347
2.42706
1.94720
2.04044
1.92299
1.70835
1.66212
1.70378
2.03123
2.20123
2.53272
2.81483
2.95147
3.28092
3.71344
4.09080
4.40888
4.75878
5.26265
6.01926
5.48121
5.43984
5.46051
5.32764
4.99429
4.41777
4.05772
4.05157
3.71686
3.18206
2.81901
2.87533
2.75608
3.10718
3.43158
3.40375
3.38954
3.46957
3.60492
3.85550
4.23812
4.43653
4.57223
5.07966
5.82898
5.99734
5.60138
5.22102
5.26877
5.25559
5.13172
5.13425
5.16596
5.34273
5.40272
5.31758
4.76548
4.42711
4.14822
3.96091
3.85925
3.78231
4.12038
4.03765
4.32422
4.31010
4.02110
3.79736
4.35341
3.89576
2.99869
2.77999
2.50500
2.50773
2.45173
2.46976
2.29135
1.99810
1.30647
1.26783
1.75762
2.07949
2.12110
2.05271
2.44873
2.84123
3.13614
3.52354
3.87339
3.93835
4.10228
3.58847
2.97208
3.14410
2.72550
2.40160
2.05726
1.32461
1.66332
1.60425
1.72483
2.04020
2.48718
2.57216
2.67502
2.62900
2.79624
2.96829
3.15386
3.39145
3.62836
3.81871
3.99034
4.07600
3.86607
3.95598
4.68663
3.77383
3.78456
3.82360
4.44627
4.06850
3.64057
3.46817
4.04166
4.22197
4.23268
3.77041
3.29552
3.32328
3.33496
3.23463
3.35387
3.59326
3.82505
3.94934
4.48667
4.88926
5.28030
5.92856
6.25455
6.39999
6.48288
5.97568
4.97452
4.57336
4.13124
4.08266
3.89796
3.92201
3.75679
3.87637
3.88886
3.20374
2.84960
2.70267
2.77301
2.67003
2.57291
2.51340
2.97095
3.14573
3.58566
3.97297
3.36359
3.91106
4.04248
4.51946
4.38403
4.06536
4.09851
3.75644
3.80851
3.95596
4.13308
4.48989
4.91448
4.86139
4.77901
5.27275
5.83936
6.75792
7.91109
7.69743
8.15032
8.46560
8.30949
8.61710
8.28848
9.99390
10.45083
10.36722
10.20156
10.17296
9.81535
9.66307
9.91093
9.99511
9.59330
9.00305
8.76269
8.06263
7.29084
6.86074
6.68796
6.66923
6.69598
7.16721
8.17430
7.14236
6.63747
6.20197
5.84848
5.89829
5.77647
5.22234
3.99061
2.85629
2.51570
2.32908
1.90291
1.65881
2.02172
1.85015
1.68389
1.25046
0.86702
0.53182
1.23083
2.00011
1.85469
2.07921
2.00651
2.16373
2.32982
2.71502
2.85210
3.06843
3.03659
2.29057
1.72703
1.47645
1.79434
2.56726
3.18686
3.64745
3.29300
3.48729
3.36752
3.46239
3.44130
3.25506
3.16008
3.17984
3.29037
3.32359
3.80312
3.53271
3.54008
3.77203
3.77929
3.32143
3.09848
3.04381
3.13114
3.06104
2.93279
2.70086
2.27723
2.23061
2.12827
2.02580
2.36681
2.07258
1.67401
1.47176
1.83130
1.99825
2.06996
2.25959
2.56942
2.79470
2.48789
2.39322
2.90468
3.12931
3.46712
3.46544
3.04163
3.29439
3.46589
3.51193
3.51579
3.36332
3.37928
3.67798
4.26090
4.45415
4.40556
4.49806
4.47251
4.50371
4.35701
4.50671
4.19888
3.95670
3.80731
3.39065
3.34951
3.37346
2.91636
2.60257
2.43234
2.24221
2.68717
2.53594
2.39916
2.27523
2.13733
2.12506
2.61080
2.55232
2.46608
2.24812
1.88438
1.25529
0.91323
1.33155
1.69952
1.79531
2.16877
2.14335
2.40317
2.44978
1.99123
1.58046
1.28832
1.01877
0.76739
0.75946
1.62213
1.00849
1.26030
1.43945
1.42376
1.61596
2.11106
2.44812
2.56131
2.80536
2.83856
3.95291
3.52167
3.20274
2.90339
3.22656
3.23573
3.28540
3.16930
3.01400
2.80142
1.98389
2.13972
2.32336
2.20746
1.98997
1.75238
1.39544
1.65666
1.81353
1.71643
1.16520
0.54446
0.12123
0.66899
1.01187
1.96179
2.45543
2.74639
2.64637
2.51275
3.05822
3.39069
3.48855
3.44862
3.50865
3.57105
3.83056
3.84209
4.00464
4.21557
4.47722
4.79335
4.83111
4.67853
4.52204
4.36113
4.28391
4.03957
4.24098
4.10517
3.22981
2.53473
2.51544
2.67999
2.80928
2.78740
2.41791
1.77184
0.97070
1.32942
1.49066
1.68832
1.74769
1.67847
1.83426
1.57355
1.47765
1.82465
2.26835
1.87086
1.92130
1.99918
2.43716
2.83606
3.34479
3.88374
3.55383
2.58157
3.04942
3.67347
2.61282
1.12841
2.00027
1.87690
1.86122
2.08722
2.21877
2.19404
2.58935
2.93053
2.85042
2.72922
2.82091
3.10825
3.27665
3.41878
3.40530
2.95123
3.27503
3.87489
4.15527
4.84941
5.11579
4.22516
4.10212
3.63922
3.25109
2.86693
2.17321
1.67932
1.23829
1.46498
1.08278
0.66493
0.86645
0.91754
0.96248
1.09037
1.21024
1.60889
2.05644
2.11543
2.52926
2.93826
3.13297
2.68751
1.94554
2.07669
2.16571
2.42105
2.56273
2.70360
3.22765
3.76830
4.24461
4.84726
5.55775
5.75141
5.38034
5.26233
5.34211
5.40503
5.45403
5.48986
5.17811
5.08565
5.00613
4.70025
3.89782
3.30295
2.71681
1.96157
1.05408
1.36969
2.81699
3.70190
4.45723
5.18288
5.67012
5.86910
5.52475
5.58489
5.72339
6.19669
6.53696
6.62295
6.78927
7.18754
7.96677
8.22378
8.43249
7.73231
6.28854
4.72046
6.27230
7.36042
7.16366
7.30961
7.79854
7.71719
7.35653
6.84940
7.45204
8.08010
8.25576
8.21190
7.73491
7.33783
7.20543
6.97158
6.73591
6.85736
7.32036
6.58647
9.18576
9.31162
8.21317
6.56288
6.24371
5.07087
4.65390
4.89926
4.64589
3.93808
3.69933
3.69142
3.54513
3.49293
3.40817
3.16467
3.20174
3.05764
3.01576
2.75372
2.44328
2.30114
2.88333
3.23345
3.43539
3.18838
3.08629
2.58031
2.82450
3.21394
3.55810
3.40690
2.56795
2.47382
2.50499
2.79417
2.88668
2.97502
2.96354
3.00640
2.94406
2.89273
2.67104
2.28824
2.16895
2.18102
2.19338
2.35745
3.00035
3.08764
2.94144
3.80980
4.27804
3.69670
3.50350
3.71531
3.80573
4.14142
4.57802
4.84069
4.79989
4.67419
4.36633
4.65619
5.24092
5.11826
5.14008
5.04291
5.12088
4.83278
4.86400
4.58617
6.24728
7.53088
6.96146
5.45949
6.43075
6.37369
6.07234
5.19977
4.81672
4.68187
4.43678
4.02647
3.64830
3.40405
3.22753
3.39544
3.36465
3.33158
3.45083
3.41379
3.46107
3.40943
3.73823
3.86947
4.17555
4.73684
5.53101
4.87035
4.96835
4.95442
4.46922
4.31219
4.38459
4.56726
4.67398
4.69950
4.72076
4.72688
4.74843
4.87124
4.84326
4.84821
4.85762
4.76923
4.81746
4.91852
5.19724
4.98201
5.44239
5.90267
6.21263
6.03210
5.93185
5.25598
4.40000
3.76201
3.18977
2.68049
2.09957
1.93527
2.08424
2.30376
2.54179
2.98369
3.07373
3.10964
3.27861
3.53100
3.72245
3.81195
3.93221
4.66310
4.66505
4.82271
4.61251
4.23932
4.49498
4.46118
4.19191
3.66352
3.59999
3.45003
3.14245
2.88791
2.84399
2.85195
2.77432
2.69884
2.60967
2.66525
2.50453
2.39036
2.39844
2.40789
2.71814
2.53982
2.60677
2.67524
2.67397
2.47292
2.50788
2.68185
2.35363
1.55756
2.34966
2.41726
2.46343
2.52780
2.39128
2.07395
1.41470
0.95308
1.42411
1.87652
2.10664
2.18228
1.91780
1.76249
2.11218
2.08869
1.85426
1.88688
1.93441
2.43170
2.99678
3.63339
3.72840
3.46943
3.43443
3.41238
3.12196
2.84957
2.70920
2.84494
2.80441
2.86316
2.88057
3.02126
2.97208
2.86272
2.80467
2.80708
3.01337
3.10886
3.60032
3.66115
3.47773
3.52868
3.73358
3.62069
3.46050
2.62347
2.29725
2.06730
1.78691
1.60273
1.53321
1.67779
1.72300
1.55248
1.61476
1.56304
1.50483
1.37162
1.08015
1.26666
1.07046
0.84628
0.85840
1.02648
1.40925
2.02425
2.55441
3.02516
2.35260
1.35796
1.60254
1.65155
1.80287
1.80730
1.85162
1.83042
1.80906
1.67269
1.69303
1.59800
1.79705
1.92823
1.98240
1.81687
2.11789
2.15321
2.01506
2.15121
2.29752
2.45670
2.73711
2.74349
2.54405
2.57898
2.70080
2.88582
2.91378
2.77614
2.60580
2.61000
2.68025
2.87128
2.88097
2.83137
2.87759
3.00841
3.21767
3.29122
3.53218
3.56864
3.74978
3.94951
4.20083
4.10381
4.49610
4.51240
4.11073
4.04847
4.14442
4.36569
4.49166
4.66971
4.81994
5.08125
5.25104
5.38231
5.37775
5.42037
5.44832
5.51530
5.66676
5.94484
6.25324
6.16332
5.47554
6.02134
6.57120
6.27509
6.96908
7.57678
6.82140
5.73469
5.60239
5.60350
5.51121
5.03498
4.55914
3.99600
4.01741
4.14022
4.06668
3.95649
4.07887
3.97819
4.01690
3.95061
4.08554
4.17048
4.15173
4.85149
5.89963
6.42145
7.07456
6.97562
7.03599
6.48063
6.41863
5.45401
4.83431
4.57659
4.09923
3.50740
2.90912
1.15108
1.23492
0.79718
0.74054
1.56605
1.18282
0.98606
1.55475
1.82446
2.17906
2.42300
2.51262
2.44324
2.51170
2.60185
2.70915
2.39725
2.41111
2.43478
2.47551
2.56960
2.74388
2.85256
2.95055
3.27668
3.04248
2.76420
2.58034
2.74721
2.78515
2.76287
2.83410
3.75058
3.42960
3.66406
3.78437
3.48448
3.80508
3.87734
3.70172
3.19456
3.01196
3.20217
3.25214
3.37939
3.53096
3.31504
2.78298
2.51438
2.14242
1.79986
2.27717
2.51634
2.61442
2.79238
2.76302
2.72892
2.81829
3.09355
3.43846
3.45596
3.29262
2.86582
2.31817
2.10478
2.09238
2.07605
2.21256
2.24455
2.14071
1.98416
1.91840
1.93538
1.80771
1.77372
1.82069
1.89428
1.73019
1.45719
1.56627
2.06440
1.64920
1.63165
1.69279
2.20854
2.48312
2.22000
1.58418
1.41933
1.88126
2.19213
2.27847
2.42577
2.57431
2.70586
3.00043
3.10712
2.71596
2.92550
3.23412
3.47115
3.54869
3.60968
3.53673
3.29644
3.40374
3.42530
3.29927
3.28625
3.15934
2.67399
2.66352
2.45974
2.42451
2.21520
2.13481
1.99221
1.96940
1.96777
2.20706
2.22933
2.84624
3.15530
3.58937
3.60341
3.49237
3.60613
4.02730
4.69191
4.66346
5.01663
5.15786
4.44354
4.41964
4.53867
4.06117
3.46220
2.96686
2.62811
2.18450
2.05908
1.88644
1.70394
1.64842
1.54559
1.61517
1.61924
1.52150
1.89681
2.12339
1.92476
1.62804
0.86196
0.46956
0.96696
1.36026
1.16744
0.55551
0.27869
1.38340
2.30677
2.28640
1.96872
1.91346
2.04332
2.06589
2.12570
2.40627
3.06482
3.05564
3.08433
3.03756
3.29438
3.65939
3.89263
4.11952
4.24740
4.26466
4.35831
4.32217
4.16278
3.90021
3.78342
3.69639
3.68432
3.73353
3.56569
3.47351
3.36361
3.27167
2.98072
2.41840
2.22724
2.07422
1.95338
1.73823
1.68112
1.52439
1.58263
1.79563
1.89916
1.52410
1.10197
0.92018
0.80049
0.80948
0.92710
1.14493
0.95437
1.06094
1.14167
1.16585
1.34447
1.47145
1.54791
1.70406
1.71656
1.78505
2.09646
2.48044
2.66406
2.75049
2.76550
2.75002
2.84504
2.84880
2.74047
2.75279
2.87577
3.17359
3.38184
3.32205
3.29722
3.41356
3.47604
3.45513
3.41693
3.33100
3.32876
3.14065
2.94595
3.14067
3.26551
3.16392
3.26254
3.32345
3.61955
4.03173
4.40624
4.28145
4.37368
5.33186
4.60336
5.05754
5.10578
4.93829
4.52370
4.23860
4.24063
4.09726
3.89545
3.99517
3.88161
3.72078
4.02245
5.41921
6.32925
5.95350
5.57576
6.13766
6.40073
6.76960
7.02036
7.48638
6.87710
6.63985
6.90918
8.11342
8.48644
8.80915
8.10657
6.62803
6.63638
6.48187
6.25756
6.12650
6.02957
5.87869
5.87849
5.94710
6.04514
6.35007
6.29270
5.51633
6.02013
5.51612
7.22250
7.03931
7.64443
7.00335
6.87616
6.79993
6.49778
6.65886
7.27289
7.46171
7.32541
7.05918
6.84768
6.60847
6.25681
6.05815
5.41101
5.57104
5.46470
5.28604
5.19153
4.71047
4.43482
4.10357
4.51691
4.49948
4.60513
4.54985
4.00681
3.88371
3.73599
3.49602
2.92517
2.36598
1.97253
1.52274
1.16008
1.15758
1.26945
1.24866
1.24818
1.08062
0.70781
1.07215
0.89759
0.68537
0.84262
0.91042
1.33508
1.72585
1.87995
1.79375
1.37638
1.42812
2.08526
2.52560
2.26271
2.08952
2.13888
2.04508
2.25761
2.60045
2.71706
2.06137
1.73793
1.80757
2.13870
1.92488
2.02378
2.14256
2.26385
2.37158
2.65212
2.41821
2.09058
2.05094
1.72600
1.83873
2.06440
2.32723
2.21113
2.27977
2.10778
1.99848
2.06283
2.21511
2.31751
2.51720
2.10263
2.18625
2.25702
2.13452
2.04843
2.14293
2.23750
2.26493
2.50037
2.52776
2.57883
2.56059
2.40313
2.24851
2.34846
2.41121
2.34752
2.39198
2.48651
2.34954
2.29724
2.35992
2.51536
2.39531
2.30324
2.12598
2.20351
2.29258
2.43603
2.42952
2.46077
2.42991
2.52449
2.56362
2.26465
2.06291
2.18233
1.89866
1.71347
1.51168
1.21351
1.24784
1.35896
1.62113
1.33445
1.05492
0.56456
0.90403
1.61553
1.68377
1.32275
1.95784
2.43975
2.25233
2.46850
2.52309
3.22397
3.17014
3.19893
3.57614
3.55422
3.69013
3.70514
3.74401
3.47203
3.82958
3.91806
4.02130
4.10325
4.14310
4.15709
4.24575
4.15823
4.34124
4.34987
4.29656
4.13925
4.08610
4.00720
3.89752
3.82655
3.59252
3.37628
3.35646
3.05323
3.13861
3.04792
3.17858
3.26242
3.31705
3.38817
3.50374
3.60553
3.66658
3.78293
3.89724
3.67092
3.89284
4.08065
4.22435
4.42746
4.63572
4.79322
4.84204
4.92070
4.94414
5.11806
5.12550
4.59950
4.70822
4.69871
4.80531
4.82704
4.66881
4.50189
4.41537
4.40280
4.46823
4.54709
4.67848
4.31638
4.78878
5.02282
5.18556
5.11689
4.92163
4.62398
4.45359
4.42013
4.30300
4.30738
4.36420
4.31118
4.57395
4.65401
4.64580
4.67720
4.66072
4.94600
5.09498
5.13295
5.14638
5.15183
5.30054
5.19896
5.39765
5.37648
5.45019
5.46350
5.30582
5.34242
5.53292
5.60350
5.17160
5.62852
5.25224
5.27540
5.25352
5.22081
5.24723
5.05396
4.94937
4.92434
5.00898
5.05446
4.86927
4.72669
4.63115
4.20765
4.37230
4.34377
4.33205
4.33657
4.26814
4.02650
3.89128
3.86780
3.89798
3.96026
3.58851
3.99434
4.57385
3.50628
3.27208
3.61136
3.95964
4.45813
4.82749
5.42779
5.89750
6.15662
6.46035
6.55531
6.91427
6.98424
6.93944
6.63789
6.37174
6.15594
6.04578
5.83952
5.90816
6.07930
6.83384
6.81796
7.83591
8.28973
8.84121
9.25053
9.40341
9.37041
9.04447
8.65929
8.29650
8.31127
8.42717
7.82051
8.08187
8.22678
8.25275
8.35425
8.41565
8.49932
8.97495
8.89696
8.96934
8.67977
9.07557
8.80594
8.33366
8.24915
8.04187
7.81407
7.74164
7.78527
7.60122
7.28470
7.01569
6.75308
6.59490
5.77878
6.36014
6.16548
6.10025
6.32653
6.39378
6.66739
6.41395
6.34331
6.23513
6.05617
5.67485
5.17642
4.96353
4.73365
4.12276
3.88008
3.82120
3.78813
3.69062
3.59325
3.53094
3.13010
2.91678
2.01290
1.57717
1.75754
1.69397
1.52381
1.39422
1.14481
0.80931
1.52747
2.06563
2.47963
2.67395
2.08126
2.08866
2.51572
2.55556
2.39515
3.08397
3.47103
3.43010
3.62870
3.55685
3.51218
3.55135
3.67918
3.45790
3.47146
3.40944
3.67944
3.74328
3.72367
3.64506
3.51370
3.35650
3.64809
3.71007
3.02984
2.75568
2.53390
1.75857
1.50847
1.61761
1.34785
1.65870
1.59467
0.97556
0.59990
0.69834
1.10548
1.46774
1.39750
1.11819
0.95038
1.01125
1.03613
1.11306
0.90784
1.71691
2.40698
2.43745
2.51019
3.20059
3.45804
3.53903
4.00399
4.51714
4.69045
4.73782
4.92742
4.68522
4.79380
4.80290
4.30705
4.83019
5.00325
4.90311
4.87670
4.67763
4.32904
4.27051
3.72210
4.40685
4.18993
4.10144
3.87539
3.41459
3.45256
3.22671
2.98893
2.97071
2.99305
2.57295
2.26817
2.14295
1.90144
1.77023
1.63342
2.00821
1.75228
1.65939
1.16952
1.06996
1.04131
1.79417
1.03052
2.52997
2.42915
2.76861
2.78651
3.40482
3.90649
4.42022
5.00217
5.23436
5.67377
5.82061
5.83024
5.61443
5.18389
4.83366
3.88161
3.64156
3.55839
3.14434
3.00258
2.77923
1.92293
1.13766
0.66451
0.48390
1.12070
1.69691
2.68767
2.75743
2.11070
1.80991
2.01243
1.78616
1.42345
1.70880
1.81125
2.02384
1.79277
1.62683
0.84347
0.99768
1.49043
2.14197
2.10721
2.10156
2.43072
2.74102
2.67910
2.61154
2.58823
2.89463
2.58478
2.56118
2.64788
2.47985
2.70205
2.90382
2.97530
3.01613
3.00270
3.53894
3.89464
4.02895
3.64970
4.27333
4.75899
5.15280
5.38113
5.92441
5.69255
5.08192
5.40457
6.36182
5.58899
5.08427
4.56639
4.28326
4.42376
4.65097
4.20029
3.92192
3.59079
3.32341
3.08880
2.86207
2.62066
2.69260
2.68309
2.48327
2.17460
2.43853
2.56591
2.38142
2.42157
2.66768
2.77530
2.80561
2.88064
3.00027
2.74507
2.65725
2.60552
2.77048
3.00927
3.02239
2.80913
2.67526
2.77619
2.75979
2.85871
2.78344
2.47303
2.34059
2.26382
2.30691
2.61934
2.77302
2.71003
2.53705
2.55559
2.90522
2.92158
2.63223
2.09759
2.38017
2.91882
2.94035
2.88200
3.00877
3.08440
3.13964
3.12949
3.02012
3.00409
3.30541
2.89606
2.84565
2.56569
2.81024
3.00230
2.82782
2.94396
3.28387
3.28820
3.41857
3.81679
3.42130
3.17346
3.31296
3.40421
3.61908
3.77024
3.71041
3.83273
4.16004
3.96086
3.69245
3.60625
3.64616
3.23770
3.21699
3.46163
3.61547
3.63424
3.63961
3.66859
3.68581
3.73209
3.86951
3.94151
3.88691
3.59912
3.52100
3.71342
3.98910
4.14966
4.33221
4.47586
4.47858
4.11005
3.90619
3.91051
3.91949
3.56188
3.72935
3.79642
3.43550
3.63069
3.98156
4.13588
4.08954
4.08809
4.15735
4.15838
4.27187
4.03855
3.81785
3.74261
3.97645
4.07591
4.17898
4.35899
4.46758
4.50742
4.50799
4.47651
4.40588
3.90797
3.67624
3.97819
4.04916
4.12220
4.22226
4.19554
3.97820
3.64915
3.89829
4.09202
3.92213
3.43587
3.37318
3.57774
3.43779
3.38139
3.44391
3.53416
3.50124
3.67234
3.70318
3.71885
3.19260
2.89358
2.94350
2.89899
2.85998
2.96811
3.25396
3.60161
3.66694
3.60460
3.57699
3.28065
3.22782
2.76779
2.59195
2.49239
2.42594
2.77157
3.12384
3.20055
3.09852
2.84528
2.66799
2.62239
2.42655
2.02500
2.02239
2.06270
2.07225
2.07728
2.11602
2.16578
2.22567
2.25822
2.61654
2.74545
2.66643
2.71853
2.62685
2.30740
2.28270
2.26238
2.19641
2.09147
2.00356
2.06206
2.17626
2.19582
2.40400
2.06647
2.49321
2.48620
2.43560
2.05466
1.92960
1.80780
1.71514
1.71419
2.19241
2.22573
2.08102
1.90431
1.93404
2.00818
1.80959
2.19014
2.36318
2.33451
2.28319
2.29288
2.33558
2.53715
2.54509
2.84271
2.89492
2.80857
2.66603
2.78910
2.96896
3.00097
2.97911
3.12573
3.48079
3.48390
3.42396
3.34813
3.26411
3.22708
3.18707
3.22102
3.32287
3.61730
3.77500
4.04415
3.95484
4.03164
4.02064
3.86425
4.04540
3.89669
4.01380
3.99026
4.20970
4.33580
4.17199
4.38096
4.48942
4.36193
4.25275
4.21790
4.07744
3.99870
3.96410
4.01052
4.28570
4.39407
4.46535
4.37603
3.81705
3.90041
3.32179
2.74826
3.27550
3.65747
3.79102
3.70686
3.57843
3.57931
3.63345
3.78950
3.80877
4.09604
4.24042
3.99556
3.74463
3.36682
3.24295
3.25900
3.27555
3.47344
3.68660
3.87280
3.94065
3.84394
3.67968
3.88432
3.88435
3.91733
3.81468
3.70588
3.58214
3.56132
3.56882
3.58355
3.71721
3.90888
4.04873
3.98302
3.78495
3.69592
3.90020
3.91060
3.65840
3.37431
3.27066
3.31935
3.51910
3.69621
3.75659
3.82900
4.01909
4.24972
4.37111
4.38106
4.32217
4.31616
4.37478
4.50579
4.71682
4.54482
4.82420
4.34607
5.03025
4.92324
4.98855
5.13027
5.14288
5.05162
5.02345
5.16849
5.32808
5.35656
5.29518
4.89558
4.70191
4.70591
4.74167
4.77682
4.76370
4.74019
4.77687
4.85962
5.16775
4.82024
5.51906
5.38895
5.20322
6.05670
5.88194
5.98479
6.00472
6.12095
6.26645
6.31035
6.28211
6.29226
6.28138
6.12023
5.99652
5.85457
6.07352
6.26641
6.38651
6.28485
6.19467
6.08672
5.32092
5.00103
5.09745
5.01404
5.92146
4.98593
4.89160
4.85601
4.76988
4.72744
4.57257
4.37694
4.17503
3.90012
3.65344
3.21357
3.15004
3.11983
2.96072
2.68980
2.56740
2.58457
2.66382
2.62153
2.62467
2.81196
2.54028
2.60506
2.41060
2.98141
2.52052
2.40517
2.23125
1.89959
1.60884
1.51779
1.58663
1.66513
1.32587
1.26799
0.99172
0.96683
0.93665
1.79689
1.91969
1.78801
1.81765
1.86694
2.16493
1.96338
1.65486
1.55756
1.84816
2.48441
2.45224
2.87559
3.19048
3.05314
3.04872
3.32941
3.14147
2.90218
2.48080
1.50063
0.75657
0.53498
0.19188
1.11561
2.03455
2.30800
2.29444
2.54187
2.76725
2.85889
2.92177
2.83816
3.32095
3.72618
4.09825
4.64386
4.99024
5.24177
5.20493
5.06717
4.95410
5.21959
5.95295
6.10133
6.87126
6.94613
7.04314
6.90633
6.77870
6.68466
6.52906
6.51250
6.69217
6.65911
6.57039
5.80341
5.98222
5.97447
5.84058
6.01884
6.14669
6.35096
6.56174
6.57818
6.27188
5.70524
5.44736
4.90338
5.09495
5.08857
4.78932
4.46740
4.45831
4.36592
4.08608
3.79133
3.53636
3.30871
3.11706
2.21850
2.49992
2.19830
1.26208
1.64657
1.70184
0.81205
1.29713
1.82040
2.01330
2.23683
3.35166
3.62607
4.42250
4.44796
3.92943
3.43380
2.61953
1.66284
0.93494
0.79586
0.84663
2.40912
4.07976
5.06775
5.00368
4.29640
3.67499
3.60087
3.86031
3.98338
3.99506
3.96298
3.87950
3.85125
3.69717
2.73562
2.99643
3.32761
3.53056
3.67485
3.75555
3.67238
3.71640
3.76630
3.91221
4.02717
4.55471
3.99306
4.07322
4.13557
4.59200
5.04423
5.48023
5.93908
6.41385
6.60150
6.62638
6.66539
6.57017
5.78796
5.65575
5.56788
5.42398
5.27281
5.15567
5.04547
5.12921
4.91832
4.94605
4.80456
4.26772
3.33660
2.97261
2.16708
1.35828
1.09460
1.05849
1.05288
1.18369
1.81187
1.99379
2.33530
2.56956
2.82623
3.16582
3.54797
4.24628
4.42958
4.74426
4.85795
4.94883
4.85019
4.94137
4.83342
4.34936
4.10430
4.19492
3.28322
3.29470
3.40161
3.50067
3.36308
3.56863
3.76539
3.91719
4.29263
4.72203
4.88181
4.84048
5.63765
5.83127
6.15994
6.43647
6.61395
6.48601
6.15798
5.92356
5.90369
5.19955
4.77940
5.75370
6.13990
6.18212
6.21229
6.18165
5.94836
5.69779
5.52417
5.23334
4.89298
4.65241
4.61730
4.38334
4.08125
3.72131
3.68873
3.82340
4.23086
4.62704
4.76575
4.88067
5.12878
5.17195
4.79484
5.14273
5.26866
5.14498
5.22476
5.23353
5.31202
5.27772
5.16337
5.11968
5.14584
5.12001
4.73798
4.60032
4.38989
4.26681
4.27298
4.27496
4.27050
4.30953
4.85317
5.43954
5.69766
5.33082
4.63901
4.57143
4.50642
4.35701
4.09272
3.25944
2.73671
2.57781
2.57530
2.32915
2.13573
1.79265
2.23833
1.42676
1.56897
1.66636
1.02297
1.56776
1.76923
1.85400
2.28528
2.65919
2.94838
3.20124
3.31074
3.93662
4.05882
4.39354
4.57859
4.82962
5.07184
5.33037
5.57240
5.88013
5.93103
6.05069
6.40165
6.55587
6.44887
6.28476
6.23533
6.13594
5.85507
5.44454
5.04485
4.72226
4.62728
4.63912
3.76478
3.47535
3.11086
3.10895
3.18348
3.26089
3.31615
3.29895
3.16895
3.43384
3.76411
3.67746
3.01694
3.01986
3.40606
3.68743
3.72507
3.60274
3.63492
3.75478
4.02685
4.44466
4.75427
4.90304
4.40327
4.75087
5.07732
5.59602
5.92748
6.04886
6.11355
6.31942
6.33695
6.06803
5.76503
5.59532
5.34268
5.00586
4.46154
4.39641
4.47641
4.29178
4.11158
4.31879
4.63763
4.92763
4.96339
5.09743
5.03964
4.90316
4.46739
3.91294
3.46854
3.20065
2.94959
2.81004
2.90484
3.30201
3.52022
3.47234
2.89370
2.90491
3.19095
3.46222
3.34993
2.93107
2.58129
2.85968
2.94892
3.02412
2.96048
2.67467
2.00441
1.65169
1.70481
1.55471
1.77666
1.74833
1.54992
1.34566
1.00216
1.55492
0.80550
0.08880
1.19759
1.18649
1.21674
1.22695
1.16923
1.04892
0.74873
0.68939
1.23873
1.37224
1.99203
1.99129
1.93945
1.76606
1.45257
1.82030
2.12222
2.40425
2.66642
2.90264
2.98692
3.30990
3.69332
3.69264
2.44942
2.92510
3.63291
3.95085
4.29090
4.66453
4.64974
4.72755
4.98707
5.09117
5.10142
4.60031
4.62999
4.34099
4.86070
4.83125
4.67747
4.76925
4.50883
4.33634
4.24196
4.21013
4.09061
3.90185
3.68155
3.38892
3.15198
2.74673
2.27531
1.96778
1.80311
1.69206
1.25195
0.97621
0.75624
0.85942
1.24352
1.90600
2.90246
3.31226
4.01518
4.30705
4.15256
3.80218
3.56936
3.56604
3.92267
4.61608
3.64525
3.57284
3.94299
4.21046
3.97830
3.62163
3.34167
2.97795
2.47639
2.17758
1.88872
2.22272
1.82107
1.09666
0.52435
0.83235
1.61276
2.11157
2.46882
2.71105
2.61986
2.65185
2.60318
2.50732
2.49064
2.45164
2.41754
2.60038
2.67076
2.68372
2.85713
2.89751
3.02179
3.30354
3.39673
3.47322
3.70658
3.77508
3.81619
3.90132
4.07089
4.05699
3.74284
3.63579
3.41160
3.16749
3.29857
3.46538
3.30554
2.64939
2.58698
2.36801
2.23532
2.42365
2.84137
3.31211
3.89737
4.17282
3.96265
3.34424
3.18909
3.33083
2.96400
2.68187
2.64591
2.92497
3.04591
3.27443
4.05239
4.55066
4.83286
5.15832
5.15626
5.37527
