271.35626
271.41205
271.69843
271.74307
271.80630
271.81839
271.77469
271.73843
272.10571
272.41812
272.20334
272.08990
272.04898
271.98947
271.41669
271.29767
271.07080
270.53244
270.55939
270.61148
269.87689
269.72626
268.08234
267.94193
268.27667
268.43658
267.64810
267.58859
267.36264
266.29333
266.04971
265.93442
265.86469
265.94000
265.90930
266.03018
266.03113
266.01624
265.52344
265.54852
265.52621
264.84000
264.97110
264.80096
264.70517
264.28769
265.25098
265.06036
265.38303
264.97577
264.71539
264.46713
264.08405
263.95758
263.78836
263.46292
264.06082
264.13705
264.87720
264.84930
264.60941
264.58151
264.22723
264.19843
264.38068
264.16495
264.32861
264.44946
264.04965
264.12869
264.17703
264.24863
264.18726
264.25235
264.07291
264.04034
264.07846
264.03384
263.96875
263.29089
264.73679
264.93298
265.98648
266.05157
266.09714
266.24033
265.89349
265.90002
265.83212
265.90002
265.77634
265.74100
265.95486
265.83026
265.94836
265.82471
265.74753
265.85165
266.46442
266.37610
266.39096
266.83636
266.86517
266.81403
267.56534
267.64810
267.96887
267.93448
268.12418
268.30270
268.84106
269.15256
269.04935
269.66025
270.33902
270.59009
271.34509
271.41486
272.15219
272.77054
273.24380
273.26706
273.42792
273.24103
272.94812
272.52600
272.10104
272.02481
272.84586
273.10062
273.43723
273.46698
273.27078
273.24661
272.77890
273.05319
273.05692
272.87189
272.84213
273.05228
273.14246
273.17316
272.40417
272.41721
272.49716
272.58920
271.66031
271.57199
271.66031
270.24976
270.00613
269.59329
268.50354
267.99866
267.68994
267.23245
267.24734
267.26593
266.73221
267.06973
267.24548
267.18875
267.14133
267.18875
267.12366
267.25293
266.80566
266.71826
266.51276
266.46814
266.03018
266.09341
266.37329
265.85538
265.70102
265.95953
267.86288
268.10001
269.07352
268.96567
268.70718
268.49796
267.84616
267.99026
268.27295
268.25992
268.33804
268.28690
268.24225
268.04791
267.68622
267.58578
267.56070
267.28360
266.87540
266.69595
266.56577
266.64389
266.67178
266.64294
267.45004
267.57556
267.91122
267.86752
267.73456
267.58487
266.98605
266.73779
266.56018
266.29425
266.27844
266.32867
266.13525
266.14270
266.09528
266.05157
266.04971
265.97348
266.05435
266.16501
266.15665
266.30264
266.35471
266.34167
266.83823
266.96094
267.08090
267.19528
267.11996
267.00464
266.63272
266.45325
266.35843
265.83121
265.80051
265.86932
265.82190
266.01718
265.84424
266.26822
266.64853
266.84750
265.74472
265.48996
265.07339
263.64053
263.19235
262.72742
262.22717
261.97986
261.47681
261.35129
261.38846
261.34198
260.73853
260.91241
261.05280
260.84824
260.90497
261.02026
260.56931
260.51349
260.10904
260.05045
259.98444
259.84402
259.05832
258.91141
258.89465
258.18521
258.02341
257.92487
258.20288
258.07733
258.76169
258.74496
258.72357
258.62222
257.12518
256.87228
256.87692
255.58540
255.42082
255.26367
254.71507
254.67603
255.25903
255.28879
255.22742
255.16605
254.33012
254.05583
253.56302
252.59413
252.29752
252.21384
255.96104
255.87364
258.41116
258.65012
258.65384
259.56506
262.07281
262.48288
262.82135
265.59967
266.12967
266.73502
269.37387
269.66769
271.15915
272.04434
272.38373
272.86166
274.85428
274.78549
274.33636
275.40475
275.40939
275.13696
274.99933
274.63577
275.01608
274.88870
274.34845
274.10483
273.23453
273.06436
273.03088
272.24054
272.24240
271.99228
271.30511
271.12753
271.17960
271.09219
271.06616
271.02524
270.77698
270.78534
270.76303
270.90903
270.90344
270.89136
271.79514
271.75330
271.87604
271.71704
271.59152
271.50595
271.28931
271.29117
271.13962
270.95456
271.07544
271.04013
270.74350
270.59659
270.27765
270.26465
270.29160
270.21909
269.88342
269.75510
269.58865
269.34039
269.31900
269.30042
269.74487
269.83600
270.43945
270.56497
270.69608
270.88669
268.99915
268.55188
268.03397
267.20270
266.96747
266.90701
266.62527
266.71548
267.04465
267.12833
267.23154
267.37564
267.69830
267.77084
267.82382
268.33060
268.36035
268.40311
269.22510
269.26413
269.75601
269.81274
270.15305
270.30463
270.65982
270.74445
270.80115
271.23911
271.33395
271.38788
271.50876
271.36090
270.93506
270.76025
270.96759
270.84579
270.87460
270.95828
270.98154
270.11774
269.58401
269.06329
268.48309
268.37335
267.94193
267.91776
267.85825
267.93076
267.17761
267.20456
267.38309
266.86145
266.89120
266.63736
265.19614
264.57315
263.66006
263.40155
263.51498
263.29648
262.63351
262.47638
262.02542
261.12534
260.56558
260.41309
262.34991
263.08542
265.26678
265.67499
265.99298
265.89908
264.94321
264.66800
264.81210
265.41650
265.45557
265.75403
266.53229
266.85495
267.93262
268.07117
268.29898
268.59280
269.17487
269.27066
269.31714
269.75323
269.75510
269.64166
270.04428
269.86853
270.14468
270.07495
270.11960
270.11774
270.19119
270.15863
270.15771
270.18097
270.20328
270.07959
269.94849
269.91687
269.84250
269.90387
270.02939
270.08240
269.84995
269.67792
269.54868
269.03912
268.95450
268.82806
268.66626
268.54446
268.28690
268.19205
268.07861
267.99493
267.33661
267.31522
267.50119
267.50305
267.55511
267.30313
266.92841
266.55276
266.43375
266.56857
266.85867
266.97302
267.17853
267.21759
267.31522
267.49652
267.91309
268.27200
269.52356
269.65466
269.97174
270.01544
269.99963
270.07217
269.48267
269.44638
269.46033
269.20276
269.13770
269.16837
268.87363
268.80109
268.26178
268.17624
268.14926
268.11581
267.71225
267.80615
267.98654
267.94565
267.91962
267.92426
268.58444
268.69324
270.06100
270.17258
270.50546
270.69516
269.79321
269.99963
269.94571
269.41757
269.62677
269.40082
268.31851
268.40311
267.43146
267.31430
267.15994
267.34311
267.18970
266.25986
266.64389
265.90002
266.92377
266.66898
267.00745
266.88748
265.99393
265.96140
266.47650
266.74338
265.88422
265.78751
265.79868
263.74094
264.16031
263.59961
262.70883
263.62659
263.25092
263.41086
263.26022
263.14957
262.85852
263.10123
262.99707
262.60934
262.70883
262.58517
263.60892
263.58194
264.69962
264.62149
264.58524
264.51550
263.83578
263.56241
263.35413
263.17468
263.18863
263.18863
263.14398
263.19885
263.76419
263.83578
264.01431
263.97433
264.28491
264.31372
264.76935
265.64896
266.08597
266.54254
268.03397
268.46075
269.04190
269.24741
269.33389
269.46591
268.87546
268.89035
268.74158
268.19296
267.90100
267.61276
266.82242
266.80380
267.62949
266.50626
266.40399
266.37701
266.47559
266.26450
265.99298
265.32166
265.11615
265.24915
266.63177
266.67551
267.59137
267.61462
267.42215
267.21573
266.02090
265.77914
265.39511
264.59824
264.56943
264.45599
263.85345
264.05151
264.52109
264.61871
264.61685
264.62521
264.75818
264.90695
264.94974
265.18964
265.31421
265.54669
266.67828
266.85217
267.65833
267.70203
267.70667
267.63416
267.43146
267.38959
267.36264
267.44446
267.38123
267.43329
267.44910
267.47049
267.46027
267.56442
267.51700
267.64343
267.56442
267.65274
267.71133
267.81732
267.49466
267.49747
268.43008
268.64859
269.72162
268.87177
268.85315
269.28925
269.04657
269.02518
269.03821
268.94055
269.03354
268.52121
268.67557
268.74066
268.82526
268.69788
268.54352
268.59189
268.69043
268.68298
268.58536
268.75925
268.77319
268.85129
269.65189
269.72720
270.09726
270.08145
269.95874
269.93268
269.69373
269.60538
269.66025
269.47150
269.49103
269.42035
269.53101
269.39523
269.37387
269.37201
269.46500
269.56821
269.93454
270.11960
270.23209
270.64587
270.73978
270.73792
271.74307
271.77005
271.96436
272.00623
272.05643
272.04898
271.75980
271.78214
271.94672
271.97180
272.04526
272.08432
271.99506
272.00342
271.84534
271.41113
271.35068
271.19632
271.28094
271.11823
270.96109
270.72025
270.54916
270.55847
271.77655
272.05643
272.53995
272.41626
272.26376
272.14755
271.28094
271.31534
271.24188
270.66727
270.57520
270.52127
270.17258
270.08331
269.42685
269.34412
269.39432
269.54123
269.21393
269.10886
268.93219
268.44312
268.33060
268.35385
269.55704
269.74115
270.13446
270.16608
270.22745
270.24884
269.32645
269.22043
269.22137
268.47192
268.09256
267.77271
267.00931
267.33566
266.31192
266.35748
266.17618
266.07947
265.25751
265.44440
265.22775
265.09479
264.90323
265.13382
267.72156
267.78571
269.26413
269.57657
269.61655
269.73557
268.31757
268.28409
268.13159
267.62762
267.40820
267.32358
266.75360
266.86981
266.43747
266.24500
266.20593
266.10086
265.74286
265.63129
265.48810
265.30121
265.18033
265.03433
266.71548
266.91910
268.33618
268.69324
268.74716
268.56119
267.14133
266.99722
266.75174
265.38766
264.86420
264.58524
262.99152
262.12863
262.27460
262.78879
263.00266
263.32904
262.99707
263.82462
264.78235
265.26495
265.50391
265.36630
266.70804
266.64758
267.11157
267.31058
266.98141
266.31192
263.73907
264.47180
264.43738
263.03522
262.80273
262.73672
261.91010
261.68509
261.15881
260.91425
260.98029
261.08069
261.72229
261.89896
262.04959
262.79901
262.91803
262.72836
264.94601
265.33746
266.74988
266.80566
267.08649
267.32916
267.10785
267.02698
267.15436
267.46213
268.00049
268.15485
269.06424
269.25391
268.67462
268.63464
268.90616
268.77039
269.65466
269.87689
270.00058
270.90063
271.07544
271.28931
272.47113
272.45255
273.32938
273.33307
273.40189
273.32843
272.94907
272.83563
272.64594
272.67010
272.61340
272.53900
272.77240
272.89606
273.24103
273.29031
273.35355
273.52371
273.74313
273.73105
273.68826
273.53766
273.49301
273.41678
273.86310
273.95050
274.56976
274.63205
274.55582
274.37170
273.46512
273.08389
272.83563
272.46741
272.51947
272.24240
271.78491
271.70123
272.12802
271.94672
271.92719
271.92160
271.53201
271.52548
271.29398
271.00293
270.98248
271.08939
272.56412
272.57156
272.96207
273.05786
273.25125
272.77518
271.77655
271.94113
272.01831
271.85464
271.99878
272.15778
272.15219
272.24332
272.40417
272.48785
272.47949
272.38278
272.37537
272.15778
272.04248
272.18195
271.95041
271.90765
273.14804
273.28751
274.39682
274.75479
275.21970
275.25970
274.50189
274.29453
274.37448
274.01837
273.82309
273.64087
273.46048
273.57391
273.24103
273.44000
273.64923
273.62134
273.35913
273.31357
273.31262
273.08203
273.02625
272.91187
273.96722
274.06113
274.64600
274.48514
274.58835
274.33450
273.52927
273.00858
273.06250
273.17780
273.33960
273.39911
273.26706
272.94348
272.47018
272.32422
272.36792
272.46741
272.35675
272.54272
272.57712
272.39304
272.44415
272.40045
273.02902
272.99554
272.76218
272.57993
272.51205
272.45255
270.91180
270.92389
270.60217
268.51562
268.30362
268.27386
268.66904
268.79550
269.95874
269.95779
270.25348
270.44223
271.74957
272.04620
272.10291
272.79657
272.71289
272.68033
273.65945
273.87796
274.33917
274.47678
274.27966
274.06021
272.84677
272.59387
272.41812
271.85092
271.83325
271.50504
270.86160
270.88019
270.54639
270.51196
270.41156
270.30554
269.62772
269.56726
269.59610
269.50684
269.40640
269.43057
271.37112
271.56732
273.39072
273.55252
273.70779
273.67990
272.55109
272.50461
272.41534
271.48273
271.22980
271.16656
270.61798
270.71283
270.20700
270.10565
270.10843
270.11121
269.35526
269.19534
269.24741
269.02890
269.06979
269.20834
272.35861
272.47485
274.98447
275.09604
275.17044
275.21783
273.01508
272.72870
272.37723
270.50174
270.29718
270.33157
269.33295
269.19348
268.53607
268.47192
268.37430
268.38544
267.73550
267.57556
267.56161
267.55698
267.75967
268.23575
271.95227
272.24982
273.73383
273.73755
273.56647
273.48465
272.45810
272.38373
272.31586
271.47156
271.41486
271.21680
270.95087
271.07730
272.03503
272.04340
272.13547
272.24146
272.66919
272.83469
272.91000
273.48279
273.50882
273.60553
274.87939
275.01236
275.72552
275.81573
275.72183
275.58887
275.42984
275.32663
275.34897
275.46890
275.41498
275.22809
275.00119
275.21692
275.01700
274.86081
275.14438
275.35825
275.15927
275.11649
275.29315
275.31268
275.52005
275.53677
275.94312
276.09097
275.80923
275.72647
275.38614
275.39636
274.66553
274.39587
274.14761
273.52649
273.59622
273.86310
273.31635
273.38422
272.58737
272.48694
272.35675
272.78726
272.94257
273.03183
273.15085
273.52649
273.41956
273.49210
275.25317
275.46054
274.90265
274.40332
274.16528
274.16901
274.31778
274.43585
274.78363
274.96866
274.85895
274.95935
274.97610
274.88126
274.82175
274.63391
274.67575
274.84964
274.73340
274.69156
274.56696
274.23688
274.31128
274.61160
275.08582
274.94913
274.97797
274.89240
274.74643
274.89240
274.17737
273.90866
273.72919
273.02716
273.13690
273.32657
273.38516
273.44467
273.43164
273.18430
273.04205
272.85236
272.51947
272.37070
272.36514
272.39581
272.42929
272.42184
274.21643
274.29547
275.23364
275.30804
275.34988
275.39453
274.66367
274.50745
274.30197
273.73105
273.73477
273.90213
274.27966
274.27036
274.43307
274.44888
274.58276
274.48050
274.68042
274.86545
275.33408
275.01700
274.76410
274.91006
276.33737
276.30112
277.40295
277.34344
277.46152
277.49408
276.48056
276.43500
276.40802
275.41589
275.48843
275.56747
275.39172
275.34616
274.95285
274.98447
274.81430
274.67670
274.52139
274.59393
274.48514
274.11227
274.17273
274.21176
274.64880
274.72318
274.44144
274.45074
274.48050
274.41168
273.84634
273.96259
273.87704
273.38702
273.27914
273.26242
272.79843
272.78168
272.06293
272.10385
272.24796
272.40884
272.15964
272.28143
272.23123
272.23959
272.05829
271.86487
273.51813
273.53580
274.34195
274.12808
274.12344
274.33173
273.47534
273.07367
272.81143
270.73514
270.43201
270.13446
269.74115
269.72348
268.45798
268.44125
268.15021
268.01260
267.47885
267.72992
268.04236
269.76440
270.30276
270.79651
275.17413
275.33966
276.59494
276.56052
276.43591
276.32248
274.61905
274.14389
273.83148
272.15128
271.92719
271.54688
270.56033
270.11307
270.22650
270.08331
270.21722
270.58264
271.07825
271.08661
271.31070
271.81281
271.63614
272.14197
274.22943
274.29825
275.74319
275.83804
275.87152
275.73947
275.56653
275.73947
275.53119
274.37543
273.91980
273.91702
273.59622
273.75244
273.41119
273.09784
273.11365
273.17035
272.45905
272.27957
272.02945
271.22794
270.64493
270.46362
271.45297
271.66217
272.48508
272.59479
272.56317
272.57156
271.69659
271.63708
271.65103
270.28601
270.13168
270.12051
268.54633
268.47287
266.85681
266.89401
266.88098
266.98047
266.26822
265.88141
266.08133
267.05579
267.34125
267.65088
271.60361
271.88812
273.32471
273.29590
273.46512
273.57855
272.85794
272.54364
272.37628
269.81180
269.66583
268.94241
265.22403
264.41785
263.31415
263.35226
262.78415
262.70325
260.81570
260.87149
261.29550
263.28812
264.53873
265.78006
271.63336
273.55438
276.94360
277.05612
277.17795
277.12213
276.68048
275.76923
273.47998
268.85223
267.80710
267.56348
265.63501
265.06503
263.41830
263.64517
263.65167
263.54010
262.51544
262.43173
262.61957
265.04736
266.89215
267.93448
274.18759
276.11887
278.43414
278.86652
278.80606
278.85257
275.85480
274.41354
273.92911
271.07175
271.08569
270.49246
269.22882
269.38782
268.39011
267.83777
267.43051
267.03348
266.04785
265.75403
265.63315
267.12366
267.93820
268.93314
274.19968
275.02353
277.39645
277.81952
277.81580
277.71909
275.16299
273.75058
273.30984
270.03775
269.55890
268.79922
266.78986
266.21988
266.63458
267.33194
267.12460
267.05579
267.16086
267.09021
266.78799
266.92749
267.28082
267.66669
269.64166
269.75323
270.88110
270.94620
271.12286
271.11823
270.98712
271.15543
271.43530
271.18051
271.47806
271.67148
271.58685
271.68170
271.98111
271.99133
272.08246
272.05734
272.05457
272.02667
271.97180
271.72354
271.62778
271.51526
272.36514
272.18103
272.49252
272.52600
272.59573
272.62454
272.06573
271.83139
271.86673
270.34924
270.04428
269.88434
268.17160
267.78851
266.59274
266.59833
266.60297
266.54437
265.09198
264.86139
264.97018
266.38074
266.71362
267.47607
271.77097
271.89276
273.31076
273.39352
273.55902
273.61481
272.87747
272.51483
272.27402
271.33768
271.35904
271.33209
271.48459
271.62311
271.72168
271.65753
271.43530
271.32278
271.26236
271.12381
271.08755
271.57385
271.75052
271.59988
273.06995
273.12201
273.88541
273.92075
273.94305
274.00629
273.31171
272.16428
271.78864
271.02618
271.60361
271.46692
270.48035
270.65887
269.90759
269.71326
269.50217
269.23718
267.98840
268.09628
268.10092
268.29062
268.42914
268.19019
269.27902
268.84201
268.95917
268.75180
268.78156
268.93497
268.19949
268.15021
268.27200
266.91168
266.78336
266.55368
264.79910
264.85767
264.01059
264.12033
263.98178
263.87671
262.40479
262.08026
261.74924
262.00494
261.79666
261.92404
265.41837
265.53271
266.96838
267.13577
267.18784
267.28268
266.16968
265.99765
265.63593
263.37738
263.13004
262.98221
260.76083
260.67902
258.93558
258.79144
258.64175
258.55899
257.27582
257.19214
257.14194
259.25543
259.63483
260.10995
264.96460
265.10593
267.47516
267.65924
267.91031
268.10370
267.86288
267.96887
267.58115
265.04178
264.61035
264.60104
263.33832
263.27881
261.23691
261.15973
260.68646
260.54791
259.28427
258.85190
258.66406
261.64139
263.33832
264.36951
269.99686
270.52405
272.79749
273.07367
273.36377
273.43164
272.33444
271.82489
271.64822
268.37894
267.83035
267.10785
266.21802
266.27939
265.16730
264.91626
265.48160
265.84424
266.07202
266.58902
267.08368
268.60117
268.55002
268.68484
270.79092
270.69980
271.68448
271.48831
271.44830
271.33673
271.21771
271.47437
271.60452
270.97318
270.80487
270.67282
269.94476
269.89737
268.52771
268.32687
268.53516
269.12561
268.61697
268.79086
268.79459
269.97083
269.85550
270.01266
272.73615
272.67105
273.96350
274.13458
274.31683
274.49445
274.15411
274.16806
274.18759
273.91516
274.13925
274.11227
274.24060
274.19318
274.43121
274.34195
274.25827
274.17273
274.20804
274.28708
274.33359
274.73248
274.69714
274.64041
276.13187
275.89478
277.34250
277.12027
277.17514
277.36298
276.78647
276.43036
276.01471
273.52277
272.94348
272.79749
271.07639
271.12753
269.68814
269.21207
268.66254
268.31293
266.62994
266.34167
266.25894
268.01630
268.63651
269.06979
272.02295
272.31772
273.58322
273.70129
273.91702
274.03137
273.44186
273.52185
273.19455
269.91318
269.70395
269.67606
267.39053
267.11996
263.48431
262.86877
262.90689
262.61584
261.24994
260.95331
261.50192
265.77914
266.79172
267.24268
270.89227
270.88297
272.28888
272.38187
272.34280
272.30096
271.55896
271.65009
271.90393
269.23068
268.96753
268.82339
266.56577
266.11945
264.14636
263.77536
263.56708
263.39877
261.84317
261.45636
261.30106
264.99899
265.51508
265.80704
270.36041
270.46085
272.37350
272.54550
272.71567
272.82541
272.49344
271.99783
270.67191
267.37750
266.61600
265.88885
264.45227
265.50668
262.19556
261.29550
260.92078
261.04352
260.69110
260.98120
261.55676
266.19757
267.32172
268.11115
274.39496
274.67856
277.23093
277.33694
277.55545
277.69772
277.33786
277.70795
276.59494
273.07553
272.64316
272.36142
269.78113
269.46313
266.99069
266.54718
266.29706
266.20126
265.04269
264.66428
264.62521
269.69373
270.95456
271.53293
277.13422
277.65399
280.09482
280.25473
280.32541
280.40909
279.57037
278.52432
276.70370
274.51398
273.93283
273.44186
271.30139
270.63751
269.21115
269.23996
269.18326
269.07910
268.63651
268.65509
268.56396
272.40417
273.14154
273.81287
279.00226
279.39371
281.62253
281.87637
281.92285
281.82709
280.89447
280.80612
280.34866
277.91995
277.51733
277.61682
276.54938
276.41641
275.31082
275.07932
274.74179
274.61346
273.48743
273.06250
273.08762
275.55539
276.14209
276.41919
280.78009
280.92981
283.30087
283.38641
283.44778
283.51660
282.91592
282.03445
279.07385
278.34860
278.12823
275.97659
273.50604
272.98718
270.66913
270.82999
271.08847
271.35626
270.66818
270.66818
270.92667
275.53119
276.46384
277.23373
281.89310
282.90662
284.50873
284.63052
284.63797
284.57751
283.57330
281.58255
279.22263
277.87344
277.71167
277.04031
274.53351
274.10114
272.16986
272.04434
271.93277
272.06107
270.70538
270.58636
270.51382
274.07693
275.69299
276.27042
281.47189
281.71829
282.98566
283.10745
283.11584
283.38736
283.57797
279.14545
275.22623
274.85895
274.33636
273.60272
271.10333
271.02618
271.08569
271.54874
271.49481
271.32837
270.19492
270.12051
270.43945
274.28430
275.56094
276.02216
281.13065
281.84381
283.22092
283.02286
282.86200
284.64728
285.29349
282.07443
277.44016
275.54236
274.74643
274.21457
272.31863
271.96530
270.53430
270.17538
270.90717
270.63284
269.33759
269.21021
269.94199
274.19318
274.75479
275.25504
279.43185
279.46439
282.20740
282.49191
282.73367
282.51889
281.44122
280.81079
280.41281
278.42947
278.02966
277.89856
277.68561
277.57031
277.23093
277.06171
276.95291
276.91757
276.78928
277.15375
277.23465
277.92273
278.02222
278.17935
278.47412
278.40253
277.62610
277.63449
277.20398
277.38715
276.59399
276.23694
275.87524
274.40982
274.25546
274.19781
273.23544
273.07458
271.44644
271.48923
271.58313
271.57758
270.44504
270.33810
270.11679
269.48358
269.55981
269.59796
269.80716
269.76532
270.19955
270.27115
270.15121
270.34552
270.18002
270.29440
270.13910
269.33109
269.23718
269.17395
268.26550
268.25992
267.45190
267.40820
267.22504
267.04556
266.28030
266.23288
266.34912
268.22089
268.40033
268.57236
269.35992
269.11722
270.11493
269.86667
269.63235
269.58493
271.98297
273.43073
274.40982
275.85013
276.07980
276.13000
274.97610
274.57349
273.78592
273.51718
273.49579
273.98767
273.96722
274.17923
274.19781
275.15182
275.57956
275.61490
276.29739
275.85571
276.73813
275.05511
274.67761
274.40146
272.54736
272.33539
272.66824
271.02988
271.95786
269.99591
270.10657
270.69702
267.98190
268.30362
268.03677
268.07767
266.65784
266.21893
265.96326
268.30270
268.74344
269.25858
271.34976
271.56082
273.11551
273.33493
273.67804
273.77103
273.22244
272.92581
274.43121
271.57571
271.50504
270.55289
266.75732
267.33475
267.59418
268.79086
268.92383
268.43195
266.74710
266.37979
267.01395
271.69659
272.62454
272.51669
274.42377
274.33917
274.25641
274.32336
274.34940
274.16714
273.76266
273.83798
273.91235
273.19824
273.22708
273.28751
272.90628
272.93790
272.63663
272.82541
273.05692
273.19733
273.00299
273.04578
272.86444
273.70038
273.27451
273.01694
274.56696
274.73340
275.72739
276.22858
276.46939
276.42755
275.87061
275.78876
275.68463
274.40051
274.34381
274.25082
273.53485
273.60925
273.30798
273.24847
273.12759
273.02997
272.80865
272.71661
272.51019
272.56226
272.28983
272.27588
273.66690
273.79520
273.19547
272.95370
273.42419
273.17407
272.56784
272.72961
273.00113
272.87375
272.55203
272.61526
272.18845
272.20425
271.94858
271.94299
271.91602
271.84814
271.27817
271.30048
271.40741
271.71518
271.68448
271.71146
272.75009
272.77798
274.02859
274.34100
274.56696
274.76501
274.89334
274.88031
274.69528
272.06293
272.04712
271.88626
270.08612
269.77463
268.57236
268.18927
267.86661
267.73456
266.20035
266.16409
266.24313
270.01639
270.75745
271.14706
275.33594
275.62140
276.72604
276.83017
277.19373
277.46896
276.95941
276.70001
277.02359
273.81567
273.60086
273.32285
272.12616
271.78955
271.14612
270.84857
270.56592
270.44876
270.50919
270.22467
270.22095
273.21036
273.75150
274.39029
277.19189
277.22629
277.22629
277.07379
277.05984
277.00406
276.21741
275.98962
275.86966
274.49631
274.34381
274.35776
274.25641
274.34845
274.22015
274.21735
274.18201
274.41818
273.91235
273.65573
273.31912
273.49023
273.41864
273.54880
275.71902
275.89755
277.05893
277.14819
277.20117
277.46524
276.41360
276.14304
275.68182
272.60687
272.53342
271.91882
270.45526
270.05914
270.08331
270.11679
270.76303
271.04382
271.22421
271.70309
271.96530
274.04440
273.56183
273.03552
275.10535
275.69391
278.02594
278.64615
279.08502
279.27283
280.53741
280.42676
280.16827
279.28864
279.61316
279.68198
279.27563
279.71173
278.64801
278.69635
278.88232
279.24493
279.27841
279.46252
279.69125
281.84567
282.44449
283.05353
285.84583
285.94995
286.98206
287.09738
287.13922
287.13828
286.38419
286.16196
286.16196
284.02893
283.93503
283.80948
282.19995
281.87543
280.55881
280.57367
279.85583
279.47369
278.47040
278.36719
278.48157
278.99667
278.77911
278.61267
280.26126
280.43884
282.46030
282.57004
283.05075
283.53613
283.14465
283.24228
283.29156
281.37241
281.05997
280.60529
280.27521
280.30496
280.39609
280.55600
280.36075
280.16083
279.77960
279.87259
280.03159
280.29288
280.43048
280.24078
280.67130
278.91486
279.28586
280.23242
280.62390
280.88052
280.58298
280.59134
280.45932
278.22864
278.51688
278.56525
277.57498
277.61124
277.46619
277.48477
277.39832
277.26254
276.85156
276.61353
275.64651
275.93289
275.66510
275.16391
275.88733
275.57584
276.48334
276.46939
276.53635
276.39594
275.98682
275.99240
276.30389
274.93518
275.12488
275.28201
274.81244
274.87289
275.09698
275.09418
275.11093
275.10999
275.31549
275.21042
275.27921
276.44989
276.43500
276.33737
279.00226
279.34164
282.80804
284.25674
285.21262
285.13077
283.37619
282.50681
281.37799
279.13895
278.81165
278.70099
277.68283
277.64844
276.94733
276.80508
276.69443
276.54007
276.04260
275.97565
275.82874
276.41174
276.25369
276.69907
277.83719
277.63727
278.30582
277.76093
277.61215
277.54800
277.32114
277.86508
278.30304
276.55124
276.83670
277.26254
276.19418
276.41733
275.94406
275.85199
275.43265
275.13510
274.45538
274.07788
273.96536
276.91757
277.66238
278.17844
281.66995
281.88937
284.15073
284.31717
284.28369
284.15912
283.61142
283.25623
283.14651
278.80887
278.37277
278.15146
275.95242
275.91245
274.43494
274.55954
274.55301
274.53534
273.94305
273.79987
274.71573
279.50159
280.26126
281.07300
284.28183
284.18420
284.89740
284.70212
284.45667
284.27069
283.23114
282.90942
282.73090
280.91864
280.56622
280.41653
279.48297
279.61316
278.50665
278.63684
278.85162
278.96042
278.20447
278.09009
277.81116
277.61960
277.11563
276.71951
275.87061
275.31177
275.06256
275.03189
274.95935
274.82919
274.31033
274.59579
274.87753
274.14111
274.42099
274.63391
274.25455
274.39682
273.99048
273.92166
273.75803
273.67712
272.90350
272.72589
272.65802
273.87332
273.86588
274.04068
275.82687
276.25369
278.11893
278.28070
278.22772
278.18402
278.13193
278.15518
278.11798
276.56982
276.61630
276.23230
274.75388
274.29639
273.41769
273.15085
273.00763
272.95929
272.44415
272.50925
272.78540
277.21420
277.63077
277.83997
280.14874
280.27798
282.02142
282.15717
282.40451
282.39429
282.33292
281.90332
281.68481
279.34909
278.83862
278.87766
277.29230
277.28671
276.89713
276.81345
276.72137
276.56052
276.34851
276.12164
275.94406
278.93439
279.08221
279.34351
281.96841
282.14975
284.44177
284.98572
285.35672
285.67474
285.27954
285.31210
285.14752
282.04654
282.05118
282.19345
280.77917
280.42212
278.54480
278.35229
278.33093
277.97574
277.49036
277.41599
277.44107
280.65829
280.96420
281.73038
284.91599
285.25537
286.31354
286.71149
286.90305
287.12900
286.79239
286.49207
286.32281
284.46408
284.43155
284.30417
283.00519
282.94754
281.60950
281.50815
281.53140
281.64020
280.69827
280.02414
279.27283
279.68198
279.03482
278.70471
279.26355
278.75772
279.03387
279.05154
279.43741
279.26447
279.38162
279.75171
280.24823
279.26074
279.48206
279.69684
278.74469
278.81073
277.59543
277.77396
277.55359
277.70700
278.20074
278.59872
278.69449
280.47327
279.95255
279.80936
281.24130
281.04324
283.28229
283.34457
283.52310
283.44034
283.57053
283.35202
283.61423
281.65601
282.40729
281.59927
279.97952
280.91119
277.59821
277.98038
277.62054
277.66611
278.22772
278.15704
277.64099
282.05118
282.51889
282.78946
285.46552
285.55478
287.52975
287.85147
288.06161
288.28943
288.22525
287.97141
287.36423
282.74298
282.27341
282.21762
280.34122
280.20825
279.65500
279.75357
279.55551
279.38443
279.51553
280.09760
280.47232
283.41525
283.45056
283.28134
285.04523
286.04852
286.55527
286.52460
285.55664
284.66122
283.68954
283.49426
283.52774
282.53934
282.73090
282.81549
282.38779
282.43521
282.36359
282.58582
282.71881
282.82666
282.55701
282.11069
281.90427
283.73325
283.86063
284.39993
287.64597
287.95096
288.86127
289.14487
289.13834
288.74130
287.08807
286.59061
286.65198
285.16611
285.31488
285.32510
284.16003
284.26511
283.40131
283.62909
283.61142
283.87180
283.05353
282.58490
282.65649
285.08057
284.94388
285.11310
286.86957
286.72638
288.05508
288.47818
288.46423
288.58881
287.83472
287.58646
287.46185
284.88437
284.70120
284.64261
283.62354
283.88293
282.91498
282.55792
282.30316
282.05026
281.09439
280.56253
280.27521
282.07535
282.22693
282.57559
283.64117
283.68304
283.21347
283.05353
283.30832
283.42639
281.93866
281.82523
281.90613
279.85956
279.64478
279.30075
276.99384
276.84412
274.68411
274.31033
273.67249
273.47256
272.59479
273.17316
273.44839
276.79855
276.95105
277.23279
279.05341
278.93997
280.39328
280.72711
280.81451
280.88052
280.56158
280.86285
280.84613
278.55502
279.06827
278.20352
275.80270
274.96307
275.29132
274.73712
273.91422
273.69479
273.36282
273.34796
273.64178
277.99527
278.26675
278.88605
281.19479
281.40402
282.66766
282.69370
283.02286
283.19116
282.96521
282.98102
283.02005
279.82889
279.39185
278.88138
276.62003
276.22021
274.88126
274.65903
274.36984
274.13925
273.69107
273.66968
273.71802
277.00592
277.08029
277.47269
278.83768
278.72424
279.81027
279.62988
279.67361
280.11807
280.22870
280.03436
279.96744
276.44989
276.46103
276.46753
273.94211
273.95422
272.81610
272.38931
272.27493
271.56268
272.14383
272.57156
273.38422
281.32870
281.86707
282.12927
283.90991
283.98801
285.18936
285.40787
285.32883
285.42740
285.00989
284.77744
284.84439
282.79227
282.79877
282.74576
280.90097
280.91678
279.28122
279.16034
278.94370
278.59964
278.02966
277.94598
277.88461
283.03958
283.48032
283.93689
285.90161
285.99832
286.66592
286.99136
287.06854
286.86771
286.89096
286.79889
286.81097
283.81879
283.39200
283.00891
282.06885
282.03909
280.85449
280.63132
280.32913
280.12363
280.03809
280.26590
280.44907
284.88251
285.30371
285.69797
288.39169
288.76178
289.50842
289.99844
290.25415
290.52194
289.79666
289.36801
289.03421
286.26517
286.21402
285.73239
282.95590
282.16089
279.78146
279.01993
278.65729
279.01529
278.56711
279.03482
279.19846
280.87866
280.91678
281.17157
280.48721
280.19431
281.63275
280.82288
280.64807
281.28964
280.05017
279.80377
279.74240
277.32205
277.08310
276.91107
275.12021
275.18066
273.42886
273.23917
273.15549
273.08853
273.29776
273.40933
273.75989
278.23981
278.39603
278.62939
280.77637
280.99582
282.91965
283.24786
283.24786
283.20139
283.69046
283.81415
283.68674
278.78839
278.53082
278.56525
276.21649
276.84134
275.68463
275.87616
275.91245
276.02029
277.20490
277.20862
277.25696
283.38828
283.54355
284.29578
287.54370
287.32797
288.58975
288.57953
288.81848
288.92822
288.85474
288.84732
288.78223
284.47061
284.11075
283.91083
281.62811
281.25616
280.76614
280.59415
280.42303
280.30124
280.61832
280.70944
281.25897
286.76263
287.28613
287.81985
290.45593
290.65955
291.16818
290.90689
290.87714
291.04822
290.92361
290.83621
290.83902
287.38004
286.96719
286.75519
285.22284
285.22284
283.99823
284.29395
284.39529
284.38318
284.05310
283.82065
283.81134
287.26010
287.68222
288.22247
290.55356
290.53403
290.61026
290.90411
291.27975
291.24719
287.50186
287.42654
287.70734
284.12469
284.28555
284.08380
282.17392
281.84012
280.46954
280.56717
280.40723
280.37006
279.45789
279.33234
279.04037
279.60480
279.87164
280.37842
281.49701
281.25897
282.02234
281.89218
281.73505
280.12735
280.36166
280.44165
280.41281
278.60245
278.62381
278.37555
276.50195
276.44989
275.53864
275.48471
275.40475
275.45032
275.70230
275.94034
276.41083
280.26218
280.66202
280.79218
281.52396
282.02792
281.57974
281.75085
280.76056
280.39886
281.91449
283.12140
283.23672
282.57095
282.83597
282.80527
281.84012
281.76199
281.13901
280.89447
280.55322
280.46582
280.32819
280.32449
280.26498
283.69977
283.93594
284.28928
287.35959
287.45349
289.83109
289.93335
290.00775
290.25974
290.31180
290.06168
289.84503
286.13406
285.34464
284.27997
280.69455
280.20734
279.02457
279.22449
279.33420
279.19009
280.57089
281.20319
281.74060
286.59805
286.83051
287.45908
291.38202
291.76141
293.94836
294.02277
294.04227
293.55505
291.57172
290.96732
290.51730
287.03787
287.05832
287.77707
285.93600
285.26746
283.42453
283.40314
283.26834
283.25531
282.57932
282.43799
282.63232
284.64819
285.11310
285.08615
287.20432
287.86075
288.72549
288.88544
289.01746
289.10208
288.31360
288.09137
287.78452
285.41437
284.96341
284.84253
283.50452
283.14746
281.83545
281.66809
281.68762
281.49515
281.70621
281.87357
282.15161
286.10153
286.33771
286.66592
288.19922
288.16574
288.15924
288.52280
288.43353
288.45398
288.10995
288.03928
287.80496
284.82394
284.56729
284.33392
282.17578
281.99258
281.52768
281.74155
281.71085
281.69876
281.70435
281.82895
282.01492
285.20050
285.52875
285.98901
287.50650
287.35123
287.75290
287.91470
288.07556
287.90540
287.67944
286.25217
285.55942
283.08423
283.05167
283.00891
282.05490
282.15347
281.12506
281.45145
281.42633
281.58905
281.43005
281.26825
281.46072
283.86435
283.87085
283.86526
284.79791
284.76349
285.33441
285.08615
285.26746
285.30188
285.11963
284.21396
284.64075
281.99817
281.76944
281.56393
280.48999
280.42490
280.03995
280.28821
280.57834
280.62296
280.56067
280.04926
279.62988
280.56439
280.52069
280.37283
281.37985
281.21899
282.36826
282.39520
282.48727
283.58353
284.18515
284.49756
283.19208
282.10510
282.28458
282.25574
281.40402
281.28687
281.03860
280.96048
280.88797
280.52625
280.41376
280.69083
281.19574
284.12192
284.49292
284.61938
286.65292
286.65106
287.71942
287.84494
288.03741
287.76593
286.34698
286.11362
286.05411
283.74255
283.66165
283.77881
282.44263
282.24738
280.20361
279.76471
279.65314
279.99252
280.85541
280.85355
281.07391
284.34134
283.82623
283.11676
285.96390
286.36560
287.72501
287.74359
287.82916
287.74454
286.73010
285.16425
285.50458
282.61652
282.80991
282.67325
280.93817
280.50302
278.78189
278.49271
278.29373
277.93668
278.12823
278.63962
278.93344
281.35565
281.29523
281.66251
283.47754
283.66351
285.40601
285.63846
285.75748
286.01318
285.97507
286.05038
285.79190
281.64206
281.16132
281.15668
278.20911
277.71722
275.17136
275.04117
274.77618
274.75479
276.78275
277.42340
278.40344
283.99359
284.74677
285.13821
286.89282
286.96255
287.95282
288.36844
288.38239
288.67715
288.38705
288.32382
287.90353
284.73654
284.56729
283.91455
281.09717
280.89819
279.69220
279.26727
278.82932
278.47318
278.12079
278.38763
278.80606
281.98236
282.29480
282.58490
284.66028
284.86111
285.34277
285.40509
285.83188
285.93137
285.23026
284.83044
284.26511
280.93723
280.57462
280.45932
277.51547
277.20953
275.15091
275.18808
275.06723
274.77524
275.59628
275.72183
276.06586
280.57089
280.99304
281.13623
283.93689
284.36554
286.99881
287.51114
287.65991
287.62271
288.02069
288.06067
287.83286
284.51895
283.79739
283.26834
280.35516
280.51974
279.45135
279.48392
279.09247
279.09988
279.25519
279.31189
279.57596
282.87781
282.86292
282.41754
282.89175
281.78897
281.30267
280.92236
280.82379
280.89633
280.36353
280.59879
280.81451
279.49509
279.64478
279.65686
278.34766
278.35602
277.24396
277.20026
276.37735
276.59122
277.23746
277.48386
277.70422
280.62854
280.76987
280.79312
283.03494
283.21439
284.96619
285.24051
285.33533
285.33441
285.63474
285.58640
285.31396
283.08514
283.10559
283.32504
281.64764
281.46912
279.68756
279.22449
279.05899
278.97437
279.79819
280.03250
280.85541
286.71149
287.51395
288.02628
291.70190
292.05801
292.36206
292.60104
292.62057
292.36023
290.17325
289.30106
288.05322
285.31674
285.16983
285.10101
284.23257
284.13306
283.32413
283.21066
283.21439
283.09537
282.84061
282.66394
282.49750
283.26462
283.23206
283.50079
285.26187
285.66357
286.40744
286.08945
285.88022
286.01505
285.93881
286.22891
285.20422
283.18649
282.71136
282.71881
281.43097
281.40030
280.24637
280.01950
279.69406
279.73032
280.14874
280.71317
280.95862
282.96613
282.79782
282.38126
283.30923
282.71881
283.43384
283.85226
283.74347
284.82208
285.28140
285.30466
285.38275
282.97821
282.81549
282.88708
280.83032
280.43143
279.36954
279.35559
279.13058
279.22729
280.03345
280.47882
280.71872
283.83551
284.13028
284.16467
286.13779
286.25494
286.84818
287.34097
287.22568
287.26660
287.94165
285.98715
286.99323
284.26324
283.68210
283.81879
280.78662
280.71036
278.57269
278.32812
278.47504
278.59219
280.59970
280.94189
281.68854
288.42609
289.03235
289.26575
291.39505
291.57263
293.11337
293.21472
293.31607
293.43137
292.42996
292.28860
292.02454
288.97656
288.85474
288.71155
287.33356
287.18478
286.71429
286.59155
286.42044
286.37305
286.67059
286.40649
286.10431
287.85611
287.57065
288.03928
289.30106
289.28806
289.57257
289.75949
289.49911
289.44055
288.41400
288.59439
288.97284
287.80405
288.11832
288.35635
287.27219
287.12805
285.98807
285.97598
285.66171
285.37720
286.15823
286.59433
287.13550
290.32202
290.63165
290.98035
293.68707
294.05435
295.06232
294.63272
294.54532
294.75266
294.50906
294.33981
294.32681
291.67215
291.43317
291.15887
288.97842
288.67993
287.52881
287.47861
287.31680
287.39307
288.03000
288.07742
287.84030
290.50705
290.89294
291.51593
295.42960
296.02838
297.51428
297.78577
297.95966
298.07217
298.16144
298.31671
297.73743
293.54483
292.78793
292.51083
290.68094
290.70511
289.52887
289.25458
288.93192
288.74783
289.25180
289.65256
290.28854
292.02548
291.69910
290.80273
291.37646
291.86276
290.46149
291.01196
290.93570
290.99429
290.49219
287.93237
287.89795
287.54648
286.54132
286.07733
283.49426
283.40314
282.43240
282.41660
282.27527
282.20645
283.79553
284.02798
284.62122
288.06067
288.76828
289.56516
291.45084
291.57916
293.11523
293.12268
293.33746
293.40070
293.32816
293.23984
293.35977
289.05374
288.57394
288.54047
285.24329
284.47617
283.83551
283.77322
283.89316
283.94153
284.88809
285.11124
285.12149
287.13177
286.52365
286.85095
288.69110
289.28342
290.00217
290.13049
290.54706
290.55075
290.78601
290.99243
290.92270
288.44934
288.45956
288.13693
285.10941
284.68539
282.87781
282.68533
282.65186
282.49472
284.28183
284.74023
285.34091
290.19928
290.54239
290.65955
292.80469
292.59454
293.61176
293.59317
293.60526
293.74008
292.68750
292.27374
292.25143
289.45355
289.02771
288.81104
285.68030
285.35022
282.55792
282.41846
282.35431
282.53561
283.91364
284.35809
284.84903
289.56793
289.93616
289.92871
291.68329
291.91483
293.35513
293.39047
293.50763
293.61270
293.54016
293.45929
293.36163
288.88449
287.65619
287.11597
282.50681
281.76108
280.39886
280.26868
280.58575
281.00699
284.21024
284.61938
285.79745
292.25607
292.51828
292.61871
294.69968
294.66248
295.88147
296.11487
296.35754
296.53793
296.63651
296.65695
296.66440
290.90967
290.01889
288.81848
284.09680
283.36688
281.31009
281.16226
280.89075
281.12134
285.31488
286.07178
287.03879
294.01996
295.02045
295.45468
298.24326
298.38831
299.83606
299.76633
299.90115
299.78027
298.94061
298.80301
298.53430
294.08228
293.69360
293.51508
290.98499
291.05658
290.47079
290.32297
290.37408
290.31830
291.41736
290.98779
291.33459
295.58301
295.82104
295.83594
297.75882
297.78949
298.33438
298.38739
298.55475
298.50082
298.68958
298.59381
298.29160
294.24500
293.41278
292.90137
288.15643
287.93979
286.00296
285.91833
285.89325
285.67007
287.97977
288.67715
289.40894
294.03018
294.31564
294.63272
296.32593
296.38730
295.15527
295.60532
295.36356
295.51141
295.67972
296.30734
296.44312
292.76282
292.97763
293.06036
290.34805
290.09235
289.03607
288.93564
288.90775
288.80267
289.53073
289.13834
289.37451
292.54059
292.91440
293.15707
295.27524
295.60440
296.11301
296.00793
296.02374
295.96332
296.07397
296.29620
296.30084
292.87534
292.46899
292.52850
289.33920
289.04907
288.27267
287.98163
287.87750
287.65714
288.34985
288.45956
289.02026
293.08176
293.84979
293.83585
295.61276
295.15250
295.49561
295.33939
294.77777
294.88098
294.41049
294.78058
294.06180
291.63214
290.93851
291.27789
288.74783
288.20200
286.80634
286.48740
286.51810
286.36188
287.52509
287.70920
287.75568
293.42023
293.94650
294.52301
297.20648
297.50311
297.43152
297.81552
297.66861
297.96616
296.40869
295.18597
292.93765
289.99286
290.44568
290.55075
288.05045
287.35864
285.36975
285.16797
285.08615
284.96341
285.01083
285.26001
285.38461
287.39957
287.49814
287.83752
289.38104
289.34012
290.86319
291.05008
291.50198
291.46942
291.68796
291.68329
291.59125
289.09000
288.87708
288.69855
286.83887
286.53204
285.47110
285.57336
285.52780
285.46179
286.14151
286.26984
286.76077
290.63074
291.17374
291.43225
292.82513
292.76099
293.76892
293.97626
294.23383
294.35190
294.46069
294.63831
294.36307
290.71628
289.88406
289.67392
285.60034
285.51666
283.54541
283.21811
283.17722
283.10654
285.30280
285.82907
286.53296
291.69446
292.11102
292.35464
293.70197
293.31329
290.17883
290.50800
291.34763
291.36807
291.19885
290.88458
290.22531
287.78265
287.95001
287.76871
285.24979
285.17542
283.92944
283.83832
283.45987
283.62817
284.75421
285.28607
285.92673
290.22812
290.45593
290.63260
292.61127
292.60754
293.53738
293.57831
293.35141
293.45743
293.34396
293.47229
293.37466
289.80038
289.41080
289.49075
287.41724
287.31308
286.46973
286.35629
286.30328
286.25681
287.20245
287.43304
287.86169
291.18863
291.57080
291.50012
294.24963
293.59781
296.26086
296.28876
295.92798
296.10370
295.67505
296.15485
296.06653
293.80331
293.56900
293.26309
291.19235
290.89572
288.46796
287.66641
287.27405
286.68454
286.17963
285.90161
285.67288
286.89465
286.70312
286.56921
288.50980
289.66742
291.39969
291.64240
291.94180
292.08499
292.34720
292.69308
292.57965
289.17276
288.30429
287.47580
285.11496
284.73746
285.45157
286.52460
286.08014
285.79654
286.43347
285.64218
285.59198
287.94537
288.34055
288.59439
290.08585
289.86734
289.55026
289.05188
288.79803
288.62323
288.41959
288.62323
289.07513
287.65247
287.48697
287.46652
286.16290
286.21497
286.17963
285.97412
285.97043
286.03458
286.26425
286.22891
286.11734
287.42096
287.23035
287.24149
289.52887
289.80969
292.26257
292.21982
292.19656
292.13333
293.30957
293.32538
293.33469
291.14307
290.71347
290.34714
287.39957
286.96719
285.71658
285.41345
285.14752
285.07870
286.42789
286.66220
287.26382
291.98737
292.51083
292.76004
294.83264
294.94794
296.41986
296.48401
296.66904
296.72113
296.75552
296.74994
296.61139
292.96924
292.17889
291.71304
287.43954
287.18851
284.96246
284.70679
284.10611
283.67374
286.65848
287.37354
288.34708
294.05435
294.47836
294.50348
296.71832
296.87454
297.98663
298.09912
298.26929
298.41248
298.20514
298.19397
298.14096
294.73035
294.39096
294.27661
289.82828
289.09930
287.15689
287.10666
286.97836
286.71613
289.38663
289.72507
290.45035
296.25250
296.50540
296.81039
298.70816
298.76208
300.09082
300.45160
300.96115
300.75937
300.89142
300.72311
300.52414
296.29340
295.27615
294.66525
290.08957
290.09048
287.82358
287.66922
287.63297
287.44885
290.50705
291.38202
292.44946
298.96014
299.49759
299.53293
301.67249
301.81567
302.82825
302.92123
303.02908
302.96494
302.67575
302.72412
302.94263
297.85831
296.58630
296.24506
292.60104
292.62616
291.35226
291.17654
291.04449
290.93478
293.16544
293.67407
294.36029
300.42093
300.96765
301.26801
303.76553
303.68182
304.44431
304.41174
304.54938
304.56238
304.13654
303.41962
303.23087
299.59521
299.46783
299.03082
294.57043
294.04135
291.71585
291.62564
291.49640
291.67493
292.83722
293.40161
293.68988
296.87732
296.97589
296.90521
298.26184
298.34183
298.55566
298.49896
298.55753
298.52777
297.37201
297.18045
297.02423
292.98691
292.43182
292.08963
287.88586
287.42841
284.18607
283.82809
283.56030
283.48312
285.67566
286.21588
286.83795
291.86090
292.23096
292.35651
294.17059
294.31937
295.64529
295.76154
295.96887
296.06744
295.96051
296.08234
295.86566
291.63867
291.55032
291.19794
286.45486
285.37161
282.78574
282.28922
282.14044
282.16742
284.92249
285.72495
286.46509
293.36816
293.84424
293.93442
295.83313
295.85730
297.17023
297.24554
297.41663
297.49847
297.11353
297.09863
296.94800
293.51785
293.40161
293.23334
288.81570
288.41681
286.74124
286.45859
286.43719
286.44742
287.83286
288.03186
288.22153
291.75583
291.76047
291.72607
293.37653
293.43604
294.40118
294.52673
294.71921
294.81497
294.29706
294.20129
294.02460
290.52753
290.19092
289.72787
284.81927
283.89597
281.69690
281.58069
281.33707
281.05441
283.76019
284.53195
285.56500
292.40021
292.64752
292.80838
295.31335
295.46121
297.05307
297.24277
297.43152
297.60352
297.98849
297.98569
297.94571
294.24313
293.64804
293.35513
289.50842
289.28342
288.32755
288.74597
288.85291
288.82965
290.76184
290.93851
291.50104
296.45798
296.90707
297.40082
300.89047
300.97046
302.13367
302.29266
302.54651
302.53351
302.52234
302.57254
302.32892
297.10513
296.24411
296.34918
292.65775
292.20120
289.53909
289.08813
288.81476
288.52930
290.57773
290.87619
291.59216
297.65466
298.29813
298.69144
301.34888
301.55997
302.48141
302.68320
302.78549
302.62741
301.94305
301.79333
301.80545
296.73785
296.10742
295.82849
291.92227
292.00037
289.74274
290.08307
290.07281
289.62558
291.26022
291.41364
291.67957
297.65375
298.29440
299.10150
301.51160
302.15134
301.00299
301.35541
300.98346
300.35303
298.52127
297.58679
296.48773
294.36029
294.04599
293.47415
290.92361
290.69952
289.42752
289.72787
289.74832
289.75296
290.61026
291.16074
291.71957
297.24463
297.90665
298.01825
301.09503
301.35818
302.08810
301.82312
301.26987
301.53580
300.33167
298.95923
298.62076
294.81497
294.70340
294.95538
292.95529
293.06876
292.10080
292.31650
292.66333
292.72565
293.47601
293.67221
294.10086
298.25629
298.71283
299.55432
302.66925
303.08304
303.16019
303.38428
304.35132
300.30377
295.68530
295.33752
295.41098
292.39740
292.66147
292.74237
290.37408
290.06631
289.36337
289.22296
289.14392
288.98120
289.04724
288.51166
288.49118
291.50943
291.73352
291.89438
294.62064
294.90701
295.89078
296.17532
296.39383
296.48959
296.47287
296.59653
296.57977
293.29376
292.48575
292.06174
289.13556
288.90030
287.59482
287.53067
287.65155
287.51950
289.09186
289.19229
289.41730
293.26587
293.37000
292.77676
294.13525
294.32031
296.02374
296.53143
296.81967
297.16837
296.97403
296.71091
295.19156
292.79443
292.63080
292.85489
289.53818
289.66278
289.20343
289.12997
288.92542
288.89194
289.09930
288.91611
289.00723
292.44482
293.20822
293.75217
296.74530
297.42035
300.09268
300.79007
301.54507
301.37494
296.38361
294.30634
294.47464
292.18170
292.56757
292.92554
291.55405
291.61450
291.13376
290.60004
289.95102
290.23090
291.11053
291.43130
291.79395
295.67136
296.27945
296.70438
300.75101
301.13223
303.45032
303.76645
303.71625
302.25641
301.50696
301.81381
301.38330
297.64258
297.80716
298.02194
296.13162
295.96332
293.76984
293.93256
294.26450
294.33240
293.16638
292.45319
291.84323
292.80188
292.65033
292.71170
294.14920
295.03534
297.07074
297.16464
296.36127
295.34033
295.26129
295.44818
295.28824
292.39182
292.16772
291.95294
288.29593
287.93237
285.39856
285.40787
285.23398
285.33719
287.55206
287.82449
288.49768
293.97162
294.53415
294.90982
296.24225
296.17346
296.48495
296.55469
296.46634
296.63837
295.82755
295.72156
295.59323
291.63309
290.80273
290.29227
287.41910
287.11874
285.70169
284.68726
284.66959
285.21353
286.82959
287.26938
288.17319
292.18353
292.43738
292.04501
294.22919
294.66339
294.78894
295.20642
295.34125
296.32874
294.99350
293.63873
292.51828
289.51865
289.38568
289.32990
287.82358
287.81891
286.94394
287.00067
287.03043
286.82120
287.15781
287.37259
287.62738
291.73816
292.08218
292.29977
294.77777
295.02231
295.34961
295.55511
295.58578
295.57278
294.31564
294.01251
293.95859
290.86133
290.42987
290.11746
286.90955
286.47717
284.56915
284.67331
284.43246
284.45200
285.21075
285.51016
286.12756
290.95990
291.43784
291.77350
293.88422
293.86932
294.75546
294.86798
295.19061
294.98792
294.65598
294.34076
294.14456
289.89337
288.90125
289.50284
287.01089
287.20432
285.23398
284.70306
284.13678
284.84625
286.26053
285.84955
286.30423
291.39505
291.71490
291.92786
293.74472
293.81540
294.24869
294.32587
294.46164
294.62994
293.44717
292.72470
293.06223
290.23740
288.72086
288.75711
286.27539
285.68030
285.50272
285.12613
285.32605
285.10101
285.29257
286.04016
286.23169
289.40057
289.84595
290.11096
292.62521
292.81396
291.98920
292.26910
291.68515
290.70978
290.58795
291.72794
289.91754
287.63202
287.56042
287.71198
285.79004
285.73145
284.68912
284.79419
284.76999
284.64169
284.93829
285.07407
285.21631
288.98492
289.30014
289.63580
291.57263
291.60147
292.32767
292.33789
292.79816
290.43918
290.45963
290.72464
291.31042
288.82129
288.75339
288.80640
286.78589
286.62967
285.40414
285.23212
285.07498
284.78302
285.44971
285.85696
286.28470
288.13693
287.77335
287.79938
288.62601
289.35687
289.20624
290.09515
291.02496
291.38669
291.58661
291.56613
289.93707
288.37961
288.36472
288.10065
286.93372
286.76541
287.18851
287.25916
287.20895
287.19501
287.49533
287.06854
287.06763
288.73203
288.94217
288.61392
290.41315
290.28668
292.77676
293.18964
293.28726
293.60526
293.34210
293.02783
293.21100
290.83530
290.45499
290.38989
289.36615
289.34198
288.74597
288.73108
288.63345
288.52560
288.85291
288.89752
289.24994
292.90045
293.29749
293.69733
295.82104
295.67227
297.04935
296.98520
296.85037
296.68484
297.32645
297.23068
297.27066
293.58853
292.86884
292.72470
289.43497
289.30478
287.95840
287.60507
287.34283
287.15875
287.94537
288.33127
289.14951
295.83871
296.43753
296.75925
299.37485
299.62219
300.10199
300.32794
300.47299
300.62177
300.13361
300.18195
300.35770
296.66626
296.57886
293.97906
290.81113
290.44568
288.71808
288.68460
288.17505
287.93237
288.60556
289.25272
290.02261
297.04749
297.74765
298.00150
300.46741
300.69894
301.44467
301.47162
301.71988
301.70129
301.12387
300.97787
300.74728
295.30499
294.87354
294.40863
292.02081
291.67770
290.13699
289.79202
289.19971
289.15695
289.70462
290.40942
291.40341
295.61185
295.96518
296.02747
297.66119
297.38129
296.71182
296.35477
297.11258
297.60818
297.33389
297.39896
297.48636
293.78751
293.67780
293.55692
291.75397
291.51035
290.97198
290.90225
290.88458
290.78973
291.11795
290.96268
291.43317
295.09207
295.47702
295.70761
299.38788
299.59338
300.75287
301.06345
301.24939
301.33588
300.43488
299.90302
300.02573
295.92148
295.26874
294.75174
292.06268
292.12961
290.50613
290.57309
290.36108
290.29135
290.61957
291.40341
291.97897
298.17258
298.78815
299.15729
302.40332
302.55673
303.23087
302.99933
303.20297
303.14532
301.44839
300.55481
300.07687
295.81268
295.97818
294.99350
292.78049
292.60941
290.80273
291.41922
291.68982
291.18585
291.15979
291.77536
292.65591
297.52170
297.80811
298.03125
300.38651
299.84164
299.25864
299.74030
300.12430
297.42130
294.39377
294.28683
294.68292
292.91904
292.44577
292.39462
290.37131
290.08771
288.57858
288.42239
288.16202
288.13040
287.66364
287.69711
288.16669
292.02548
292.30627
292.43552
294.64203
294.70709
295.50677
295.42587
295.55234
295.78107
295.31244
295.34219
295.14972
291.23605
290.83902
290.73300
288.02441
287.84680
286.20752
285.69611
284.81000
284.37204
284.30881
285.32047
286.05969
291.47314
291.78836
292.00687
294.18732
294.25241
295.34961
295.43701
295.38403
295.53281
295.60068
295.44632
295.32266
289.94266
288.64648
288.32568
284.99408
285.48318
283.18372
282.89175
283.06097
282.90289
284.40552
284.90204
285.65335
292.61963
293.15430
293.44531
295.48816
295.83408
296.60583
296.69510
296.53607
296.31107
296.42358
296.26736
296.11673
290.86597
289.83664
289.85712
286.71149
286.18335
285.03687
284.50873
284.29208
284.36923
284.92902
285.45157
286.36746
293.15802
293.84607
294.14920
297.05215
297.22229
297.83319
297.73743
297.93085
298.14191
297.86295
297.67883
297.48822
292.24585
291.52338
291.62845
289.19043
289.00632
286.27353
285.74448
285.43671
285.60965
285.96484
286.65570
287.36331
293.64618
294.36401
294.78336
297.94293
297.91132
298.74631
298.69421
298.81976
298.86346
298.54916
298.67191
298.52777
292.52573
291.62750
291.22675
288.71808
288.80081
288.21689
288.48746
288.61392
288.45398
288.91983
289.47031
290.39642
295.34311
295.72528
296.02469
299.08011
299.36090
300.68777
300.74542
301.12851
300.75659
299.62219
299.25955
298.94434
294.55182
293.21844
292.78888
290.23090
289.67859
288.38333
288.23083
287.85706
287.75385
288.11368
288.80081
289.86456
296.03305
296.84201
297.27066
300.54367
300.41348
301.20291
301.29218
301.54788
301.26056
301.06622
300.66360
300.35489
295.47607
295.13763
295.17667
293.05759
292.93207
291.00174
290.66513
290.73672
290.54611
290.59726
290.65491
290.97012
296.28967
296.92569
297.50031
301.11179
301.27637
302.33078
302.55859
302.64508
302.76874
302.41077
302.28616
301.79800
296.15765
295.16272
294.71826
291.72327
291.39597
290.06168
289.94080
289.99936
290.19836
290.23553
290.51172
291.16351
298.03589
298.57614
298.90717
302.57626
302.71017
303.56747
303.81946
303.92639
303.74228
302.54559
302.27127
301.97003
296.96753
296.49704
296.08139
293.50668
293.41556
291.82465
291.41922
291.24719
291.26767
291.48059
291.74652
292.27652
297.80157
298.16235
298.74164
301.53485
302.14670
301.57111
301.72546
301.76544
301.51904
298.64029
295.64343
294.97305
291.97339
292.10266
292.53781
291.28998
291.35880
290.61865
290.32483
290.05887
290.11374
289.25644
288.89566
288.50327
290.11282
290.13232
290.12955
292.86139
293.30307
294.89865
294.92932
294.33426
294.39932
294.18918
294.23474
294.09341
291.21744
291.00079
290.86877
289.24341
288.99423
288.46796
288.22153
288.05695
288.13040
288.07089
287.92493
287.87469
289.34943
289.01468
288.79990
290.93201
290.92361
291.93808
291.77814
291.88599
292.29605
292.05801
292.45505
292.58060
289.87665
289.48517
289.15787
287.46652
287.43768
286.51715
286.58038
286.58783
286.70032
286.67615
286.59341
286.95602
290.31271
290.77856
291.02127
293.68521
293.92606
294.62994
294.33145
294.63644
294.80661
294.55463
294.46442
294.39377
291.08542
290.57401
290.35086
288.14249
287.79938
286.07178
285.88208
285.74261
285.45343
285.19308
285.04337
285.68961
291.72421
292.39648
292.97482
296.15485
296.20135
297.67792
297.69931
297.69650
297.83041
297.62585
297.49008
297.08191
290.45871
289.43311
289.12070
285.95554
285.61801
284.64728
284.96063
285.24329
284.97177
285.31210
283.86713
286.05969
293.75125
294.68759
295.03442
297.95779
297.84808
299.34790
299.43250
299.58594
299.70496
299.51712
299.48550
299.04477
292.25143
291.27881
291.16632
288.61951
288.22525
285.88208
285.75189
285.83929
285.63568
285.75656
285.50549
287.01276
295.08182
295.70389
295.88986
298.53802
298.73141
299.95044
299.93091
299.84628
299.93182
299.17401
298.75931
297.97733
291.89810
291.39133
291.26300
288.44189
287.78079
286.61664
286.18240
286.16010
286.14523
285.53061
286.30981
287.91376
294.88934
295.81174
296.65231
300.21170
300.38000
301.48557
301.49396
301.61853
301.42886
300.31119
300.02109
299.36743
293.90839
293.26678
292.97482
290.23276
289.80875
289.14578
288.90311
288.61951
288.45120
288.32755
288.66135
289.56607
296.04700
296.59930
296.98798
299.97739
299.95599
301.18988
301.31448
301.45117
301.54416
300.82355
300.69894
300.30841
294.91446
294.80194
294.48022
292.46713
292.07104
290.19370
290.13885
289.87198
289.79480
289.00073
288.96820
289.41080
295.67877
296.29153
296.77042
300.18567
300.36700
301.21036
301.29218
301.43164
301.46698
300.87189
300.80493
300.41254
294.92191
294.61133
294.40677
292.26071
291.95480
290.34900
290.30994
290.30994
290.26065
289.90454
289.83850
290.20114
295.24084
295.88333
296.52213
300.68777
300.84863
302.11694
302.16714
302.24152
302.25919
301.29218
301.03647
300.49625
295.49652
295.10693
295.10043
292.69217
292.35370
290.63351
290.14163
289.86734
289.93149
289.20438
289.02863
289.49820
294.64853
295.23990
295.83499
300.08990
300.55203
302.05835
301.79520
301.73013
301.97281
300.88025
300.74451
300.04712
295.76340
295.21759
295.01303
292.75912
292.45786
291.36807
291.45270
291.43597
291.39969
290.60657
290.40756
290.60098
294.10086
294.40491
294.28683
297.09491
297.27158
297.62027
298.00150
298.40970
298.49615
297.26321
297.03076
296.86151
294.29520
294.03671
293.96231
291.93250
291.67307
289.83200
289.56607
289.35870
289.11139
288.48004
288.28476
288.61670
291.26581
291.60892
291.09937
291.76883
290.63165
291.34204
291.12726
291.52802
291.97711
292.03384
292.55826
292.95065
291.30856
291.41922
291.24350
290.22345
290.02634
289.20624
288.99329
288.67065
288.53860
287.46466
287.33820
287.62457
291.76791
292.45505
292.81955
296.08139
296.53143
297.24646
297.39154
297.35434
297.80624
297.09677
297.08469
296.94800
294.28497
294.04694
293.96231
292.42343
291.70746
290.34341
290.19836
290.41501
290.50613
289.90732
289.79108
289.66370
292.70517
292.63824
292.39090
296.76483
297.61469
301.71152
301.91608
301.94397
301.95050
300.60132
300.41348
300.28424
295.95959
295.39517
294.96838
293.43417
292.94974
291.81534
291.55127
291.25278
291.03149
290.04123
289.97055
290.59076
296.06372
296.63278
297.19907
302.45074
302.88589
305.04031
305.13702
305.10727
304.90921
302.93240
302.88962
302.61905
296.55746
296.17532
295.54395
293.01666
292.72751
290.30994
289.73529
289.14578
289.09277
288.21594
288.34335
289.10489
296.77692
297.62305
298.30090
303.11835
303.26807
304.49823
304.50287
304.53076
304.56891
303.08768
302.74548
301.97467
293.55411
292.65591
292.34161
289.24063
289.20065
287.75290
287.70642
287.61157
287.34192
286.64453
286.72357
288.32941
296.40219
297.62677
298.54639
303.77948
303.73669
304.58286
304.60422
304.54752
304.62375
302.91101
303.09698
301.49115
294.16873
292.87628
292.57593
289.85245
289.73343
288.25409
287.82358
287.58740
287.67572
287.05182
287.06854
288.35077
296.63559
297.69464
298.37064
303.55539
303.67068
304.27972
304.24811
304.13840
304.16629
302.58090
301.97653
301.72546
295.02417
294.28961
294.04321
290.75162
290.60471
288.87149
288.46143
287.82449
287.61157
286.42883
286.55063
287.65714
295.65555
296.61792
297.25113
302.43030
302.83755
304.04260
303.91431
303.87430
303.67905
301.59808
301.21222
300.91373
294.66156
294.30728
293.80331
291.24536
291.36716
290.89667
290.74045
290.67258
290.69952
290.14163
289.98914
290.01053
294.39191
294.58344
295.02045
299.90952
300.64502
303.32013
303.40289
303.18439
302.95935
300.96765
300.62177
300.81424
296.48215
295.88519
295.66483
293.39420
293.13754
290.15186
290.68558
290.76743
290.68839
289.80225
289.91568
289.92871
293.50018
294.08133
294.03485
297.74487
297.96988
299.38696
299.24747
299.16470
299.34695
297.55331
297.13489
296.95917
293.44626
293.15335
292.81396
290.91061
290.71255
289.95380
290.05981
290.19464
290.14072
289.72043
289.58188
289.60605
293.36072
293.77261
294.18918
298.94156
299.48459
300.84772
301.19269
301.53394
301.43723
299.86487
299.50504
299.42694
295.03906
294.59833
294.39377
293.05481
292.64938
291.17746
290.99802
290.67535
290.44754
289.49634
289.17554
289.33176
291.39969
291.57449
291.54846
292.59824
292.30441
291.62473
291.49176
291.20071
291.07520
289.43402
289.01282
288.90402
286.60922
286.62872
286.46695
284.25021
283.97406
282.28549
282.21112
281.94519
281.90427
281.12320
281.12506
281.35846
283.58167
283.55286
283.83459
285.56595
285.73795
286.32654
286.52087
286.67709
286.60922
286.00201
285.65427
285.10568
281.56024
281.48956
281.47189
280.32635
280.15433
279.11942
279.07480
279.16125
279.31747
279.53320
279.69870
279.67639
281.20502
281.37332
281.58441
283.05353
283.25531
284.92902
284.64633
284.59518
284.85834
284.51895
284.58591
284.28555
281.90799
281.75455
281.71738
280.05762
279.64941
278.38391
278.17935
278.10031
278.01758
277.15656
277.03009
277.04681
282.18414
282.61374
283.05167
286.55899
287.14664
288.31451
288.37683
288.28848
288.26709
287.78638
287.44977
287.51764
283.35852
283.19485
282.94659
281.13715
280.86008
279.79727
279.46625
279.49509
279.06363
277.74512
277.68192
277.59915
282.86755
283.43289
283.69232
286.88724
287.21826
288.04395
288.07370
287.77057
287.81799
286.67709
286.43625
286.17590
280.30682
279.79633
280.16733
278.00177
277.92737
277.16864
277.12213
277.01337
277.02731
277.13702
277.07007
277.42807
280.68991
281.44678
281.84476
284.23444
284.48734
284.26974
284.54684
284.50220
284.18887
283.45151
283.55008
283.47662
281.70248
281.69412
281.78339
280.80984
280.75034
280.04462
280.01950
279.89490
279.95905
279.88840
280.05298
280.03159
281.25616
281.38913
281.54813
282.82480
282.34314
282.92337
282.79227
282.75879
282.86850
282.38498
282.72345
282.83038
281.35010
281.37427
281.28964
280.46210
280.20639
279.32956
279.36395
279.26260
279.04504
278.89532
278.85257
278.93344
280.99954
281.57324
282.33292
284.71979
284.75513
284.13586
283.56216
282.78201
282.44730
281.97958
282.12186
282.46216
281.11020
281.18738
281.21805
280.53369
280.33563
280.50952
280.71130
280.91864
280.99954
280.96979
280.88239
280.90656
281.68204
281.51096
281.58997
282.85828
282.99774
283.68210
283.33527
283.03308
283.27390
282.08743
282.10419
281.89590
279.53784
279.53784
279.54993
278.04733
277.69214
277.03101
276.92688
277.12399
277.35739
276.47778
276.31226
276.30017
280.33658
280.88702
281.24594
283.70068
284.12378
285.25165
285.38647
285.57617
285.56686
284.98199
284.89926
284.89832
278.97159
278.29651
277.74048
275.93381
276.61816
275.28946
275.10068
273.26987
272.24054
271.86023
272.05084
273.90585
281.60486
282.36081
282.98752
286.99973
287.16803
289.11230
289.23972
289.23227
289.22110
288.28290
287.72223
286.71707
278.98553
278.62195
278.42856
276.89062
276.15140
275.38522
275.61676
275.79898
275.90314
275.00491
274.57812
275.34616
281.98517
282.71786
283.45615
287.51581
287.71851
288.46237
288.40564
288.56558
288.42795
286.82773
286.73566
286.49207
283.27298
283.06934
282.98193
282.33569
282.15067
281.35287
281.20132
281.14832
280.85263
280.67316
280.56808
280.42862
282.01584
282.07907
282.05582
284.83694
285.13635
287.10666
287.36237
287.59763
287.23590
285.90347
285.69983
285.78909
283.91083
283.87457
283.98523
282.96613
282.96613
281.97495
281.78711
281.76849
281.69971
280.56345
280.04739
280.14597
282.78296
283.14188
283.74161
286.96628
287.26474
286.56085
286.57108
286.19543
286.29773
285.44040
285.08801
284.50873
283.01727
282.75784
282.79227
282.43613
282.55606
282.65836
282.70020
282.72809
282.74484
282.79227
282.78760
282.91406
283.63095
283.68674
283.89133
285.31210
285.53711
286.55249
286.36932
286.19635
286.20193
285.47296
285.16797
285.48877
284.65097
284.65005
284.57751
284.18329
284.32089
284.05219
283.95639
283.76764
283.74438
283.38550
283.19022
283.13907
283.61328
283.68768
283.69699
285.27490
285.41345
285.99274
286.38513
286.65756
286.81656
286.51901
286.46973
286.12384
283.21161
282.89362
283.19485
282.82758
282.78854
281.28964
281.41238
281.21432
281.10181
281.97495
281.70062
282.37103
284.50128
284.78210
285.22656
288.28104
288.53674
289.33453
289.82550
289.53445
288.79340
287.07785
286.70685
286.71893
285.63287
285.71658
286.07083
285.03687
284.73373
282.25110
282.15161
281.64297
281.41611
280.40073
280.20267
280.30402
282.97916
283.33340
283.82065
287.69153
288.05045
289.10953
289.09372
289.24994
289.35220
287.74454
287.35309
286.87234
284.11819
283.79089
283.49612
282.48169
282.32547
281.89218
281.87451
281.76849
281.45236
280.84518
280.32169
280.01764
282.48169
283.49521
283.92758
287.31403
287.96677
287.57159
286.86121
286.22610
285.97879
285.03595
284.89645
284.79047
284.76999
284.71606
284.80069
285.09637
285.46460
285.83374
286.43347
287.08530
287.47766
287.64597
287.22754
286.11734
284.18329
283.78067
283.64771
283.12326
283.59564
283.26834
283.55008
283.44592
283.17349
283.17627
283.45523
283.46359
283.07678
283.10281
283.29251
283.29437
283.29156
283.56586
283.52588
283.66910
283.59747
283.47662
283.64304
283.62723
284.69098
284.65656
284.88251
286.68082
286.46323
287.26660
287.10016
287.13086
287.28241
286.09595
285.95740
285.47574
282.19159
282.37476
281.62439
279.56110
278.63589
277.46246
277.61960
278.17563
278.82373
278.49738
278.84232
278.17657
281.04788
281.68854
281.64856
284.96155
285.09546
286.84167
286.87234
286.57388
285.96298
284.56265
284.13773
283.92200
282.63977
282.54678
282.79504
282.38593
282.33664
281.98795
282.11627
282.13766
282.35059
282.11813
282.10883
281.90240
282.57373
282.60629
282.83411
284.77466
285.03778
285.36508
285.29163
285.40878
285.63474
285.17542
285.36603
285.15030
283.12234
283.39850
282.86478
282.64999
282.95590
282.31247
282.22598
282.26318
282.87314
282.80249
282.85083
282.87408
283.55563
283.73602
283.84390
284.86578
284.91321
286.23727
285.99274
285.87277
285.92206
285.01361
284.77371
284.69284
283.53333
283.47195
283.38177
282.91498
282.65649
282.07071
282.05676
282.02887
282.04932
281.75272
281.74805
281.70898
281.48584
281.41238
281.32962
281.37146
281.31476
281.36032
281.31754
281.31848
281.35660
280.79776
280.66107
280.60437
280.25290
280.28635
280.21289
279.82422
279.76471
279.73682
279.75543
279.74240
279.64386
279.44672
279.41046
279.43277
279.75171
279.74612
279.65872
280.21475
280.38306
281.26547
281.48584
281.36591
281.36404
280.80984
280.90469
281.01440
280.06970
280.18036
279.97766
279.83353
279.78796
279.95999
279.88745
279.73682
279.68384
279.70337
279.55551
279.48019
280.45651
280.46118
280.41840
281.97864
282.19159
283.22928
283.08051
283.02286
282.92242
281.86057
281.56952
281.51837
279.20868
279.17242
279.06921
277.72467
277.22629
276.34201
275.73856
276.03702
276.06863
276.45358
275.18253
274.67203
277.34995
278.27328
278.78934
282.75226
283.16696
284.65656
285.16611
285.17075
285.03409
283.73416
283.45151
283.18930
281.80383
281.63739
281.45981
280.87216
280.69177
280.54391
280.50952
280.44720
280.30682
280.30682
280.24078
280.15710
280.48163
280.43234
280.60623
281.57233
281.55557
281.58905
281.78616
281.81036
281.92844
281.71552
281.80850
281.86615
281.42075
281.53326
281.48676
280.90469
280.83496
280.82660
280.73825
280.71872
280.68155
280.62390
280.55600
280.56158
281.44772
281.43283
281.46725
282.84805
282.95218
285.90906
285.98065
285.98157
286.16476
285.18564
284.78210
284.00754
281.83731
282.02792
281.70157
281.32126
280.75778
280.61179
280.68896
280.44537
280.52997
279.99625
280.27612
280.44629
282.07349
282.21948
283.00519
286.43997
287.19406
289.23972
289.28992
289.15228
289.03885
288.09601
287.81613
287.76685
287.14481
286.79144
286.75705
286.30051
286.28378
285.73145
285.49063
285.19308
285.36694
284.73001
284.89645
285.11777
285.11591
285.38089
285.84302
287.77615
287.87936
289.29550
289.67859
289.65811
289.88501
289.06674
288.03278
287.40979
287.35587
287.32797
287.39679
287.22104
287.29172
286.09036
285.74448
285.48596
285.29443
283.72208
283.21252
282.88895
282.97916
282.90662
282.96240
283.94617
284.20465
284.45386
284.73187
284.87415
284.79138
284.45667
284.12283
283.74161
283.25717
282.80435
282.83783
283.10745
283.44684
286.18240
286.95697
287.34378
287.35400
287.82263
287.93607
287.91190
288.30801
288.50421
288.32755
287.78452
287.17548
285.24142
284.68445
284.02521
283.78995
282.20926
282.33383
282.69370
281.89310
282.16833
282.13394
282.66022
283.05820
282.99960
282.94754
282.98752
283.03494
282.43240
282.35150
282.23157
283.40500
283.84204
283.97687
285.77423
285.74353
285.04337
283.36688
282.59979
282.45380
281.36682
281.53790
281.37427
280.62204
280.68060
280.64249
280.36819
280.42676
280.17572
280.07065
280.02414
280.02414
279.79169
279.70337
279.72473
279.96463
280.00928
280.18686
281.29059
281.32498
281.82059
281.84290
281.26733
281.60022
280.54205
280.39700
280.24359
279.47275
279.36676
279.50995
279.63269
279.73032
279.86887
279.89862
279.76752
279.89954
280.05670
280.04276
280.03809
281.03674
280.86099
280.79031
282.12463
282.35522
283.88016
284.56171
284.87878
284.87228
284.66214
284.60822
284.25302
283.81970
283.87921
283.83646
284.10239
284.06332
284.07355
284.26416
284.44641
284.04752
282.85455
282.74390
282.90942
283.93036
284.12564
284.22604
285.74911
285.78537
286.68454
286.68173
286.66220
286.66873
285.19772
285.12613
284.99316
283.11304
282.86386
282.80991
281.39658
281.15482
279.92093
279.76379
279.80377
279.77216
279.61411
279.94604
280.12457
282.06604
282.16928
282.75784
287.19965
287.19965
288.23734
288.40005
288.48282
288.36752
285.52225
285.19214
285.03500
283.13629
283.11212
283.00705
282.12836
281.83917
281.43192
281.28314
281.12692
281.12787
280.68524
280.56158
280.58762
282.38870
283.14838
283.67651
287.63666
288.33127
288.63809
288.79153
288.64832
288.33313
285.74820
285.24515
285.04523
283.51660
283.37247
283.24323
282.71509
282.86942
282.02328
282.06885
282.14975
281.98889
281.24503
280.97815
280.81451
280.63412
280.52161
280.74106
283.20975
283.31110
284.93552
284.83136
284.69003
284.46222
282.15717
281.64020
281.10834
277.88739
277.58798
277.34250
275.92731
275.58887
274.38751
274.30661
274.30197
274.20526
273.35446
273.34424
273.47348
275.80270
276.77347
277.45874
282.53284
282.52075
284.89740
284.79974
284.66309
284.49292
280.59134
278.72424
277.96457
274.35867
274.47305
274.23129
272.88120
273.32193
272.20148
272.01086
271.71237
271.31906
270.84671
270.66818
271.01965
274.91937
276.30112
277.61868
282.81830
283.24881
284.09866
284.14050
283.67374
283.22183
280.76614
280.75314
280.50580
278.45737
278.34116
278.57175
277.79535
277.77301
277.60287
277.85391
277.99155
277.77582
277.43362
277.25140
277.20303
277.78699
277.69492
277.82974
280.09946
280.20547
281.34729
281.43192
281.52863
281.44028
279.26355
278.84048
278.81909
276.27042
276.04260
275.77762
275.10626
275.48285
274.75107
274.68784
275.35266
274.48514
274.30847
273.70593
273.77753
274.92773
275.22528
275.52469
279.24310
279.64200
281.54071
281.71085
281.62531
281.85406
279.38815
278.56989
278.90277
277.57404
277.48758
277.15375
276.38385
276.00262
275.50330
275.47821
275.42706
275.05420
275.77481
275.57956
275.45587
277.13052
277.38992
277.79813
281.07114
281.13715
282.68161
282.99030
283.01913
283.15210
281.31940
281.44864
281.40216
278.96042
278.62289
278.01291
276.66745
276.40710
275.57306
275.39917
274.90356
274.77338
274.11508
274.10114
274.01279
276.00171
276.59494
277.43643
282.63977
283.11676
284.72723
284.96713
285.01828
284.89554
282.01678
281.62625
281.22269
279.59735
279.58804
279.46625
278.48062
278.44809
278.01758
278.05475
277.99896
277.87158
277.51453
277.49780
277.61029
278.63034
278.77167
278.87860
280.48813
279.92374
279.86700
280.05484
280.21848
280.37933
280.38864
280.44720
280.56622
280.93073
281.25616
281.36404
280.78568
280.73639
279.48483
279.19568
279.15848
279.21704
279.25888
278.96133
278.96228
279.54529
279.85492
279.71545
280.49557
280.71317
284.24838
285.38742
285.70819
286.00854
286.57108
286.09967
285.57245
283.78625
283.31110
282.95868
281.72665
281.44214
280.85263
280.68433
280.57553
281.03116
280.45187
280.38028
280.57367
280.69641
280.54486
280.36539
280.98373
280.77173
281.52954
281.56116
281.23758
281.29245
280.43884
280.55972
280.57181
279.17615
279.36862
279.17056
278.63684
278.86465
278.81723
278.91672
278.92789
278.93158
278.51505
278.41275
278.38577
278.37369
278.45459
278.30209
279.33978
279.15103
279.07571
278.76517
278.75214
278.65915
277.59265
277.12027
276.91943
275.88547
275.86966
275.77017
275.13138
275.21506
274.53629
274.55209
274.43307
274.33917
274.45166
274.54001
274.48050
275.11371
275.39822
275.70135
277.66888
277.87994
278.72702
278.53641
278.71216
278.59314
277.97388
277.88181
277.94131
277.21420
277.26535
277.25604
277.34622
277.37598
276.91385
276.95755
276.96594
276.97522
277.02451
277.03009
276.83389
277.24396
277.29974
277.33228
278.67310
278.78561
279.55365
279.74612
279.52484
279.52667
278.55502
278.41925
278.44809
278.04547
278.16168
278.42020
278.33929
278.23886
277.90414
278.04547
277.87344
277.55823
276.42014
275.63257
275.33408
276.14395
276.41455
276.79950
278.65823
278.89532
279.20682
279.31470
279.30167
279.33328
279.47275
279.43558
279.32397
279.29330
279.64478
279.39557
279.34259
279.48019
279.26819
279.15384
278.94275
278.50388
278.06406
278.08823
278.29095
278.42947
278.75586
278.79492
279.58899
279.59085
280.22778
280.46860
280.40817
280.28543
277.91342
277.19003
276.79669
274.03790
274.01556
273.74222
271.98297
271.57941
269.87598
269.56168
269.23810
269.11444
268.26736
268.04050
268.16321
270.12515
271.32742
272.24426
277.19281
277.65680
278.27142
278.05292
278.13660
277.83997
273.39630
272.36142
273.00949
272.88861
273.05133
272.96301
272.89514
272.57526
272.01831
271.86395
271.93463
271.92438
271.72726
271.70496
271.77469
272.65802
272.95837
273.68271
276.83853
277.24115
278.27515
278.21933
277.88089
277.54709
275.72183
275.36661
275.41312
274.66367
274.84500
275.00214
274.70923
274.55023
274.74271
274.50558
274.47214
274.48795
274.18945
274.10483
274.06485
274.54092
274.57812
275.05048
276.87854
277.29416
278.24725
278.42856
278.57175
278.51968
277.21048
276.41455
276.43500
275.98218
276.14209
276.39966
276.33365
276.50009
275.86688
276.12164
275.84363
275.94034
276.23880
276.40433
276.59494
277.17514
277.09982
277.38437
279.26913
279.94324
281.70993
281.88846
281.92285
281.94052
281.69321
281.66345
281.59927
281.40121
281.27011
281.18738
281.26361
281.20874
281.57697
281.70435
281.78152
281.99817
281.96564
281.92657
281.88660
282.11813
282.19159
282.14880
282.56445
282.38684
282.54770
282.54120
282.59140
282.51889
282.38498
282.27155
282.23157
282.37103
282.37939
282.39615
282.72717
282.73553
283.13351
283.36224
283.74438
284.07263
283.67465
283.52402
283.16605
281.92285
282.17764
281.94519
281.51282
281.26453
280.29843
279.97299
279.76193
278.42111
275.29968
275.10907
275.31549
274.01279
274.16064
274.28430
273.27264
273.23544
272.75192
272.59015
272.90814
273.00299
272.73242
272.57898
272.44788
272.39117
272.36047
272.99368
274.52512
274.56140
275.33502
275.45959
275.14719
275.21506
275.14905
275.34897
275.39545
275.17044
275.15741
275.00305
274.69064
274.62277
274.02301
273.92911
273.89841
273.87610
273.10806
273.06528
273.12387
273.13037
272.93417
273.05042
273.96909
273.97372
274.59579
274.72040
274.74548
274.87753
274.31778
274.09833
273.83521
273.46790
273.35541
273.83798
273.80264
273.84357
273.79242
273.75336
273.77289
273.64456
273.76266
273.71246
273.55902
273.78220
273.74408
273.72827
274.36334
274.33636
274.75479
274.88126
275.07373
275.10535
274.04999
273.56741
273.47815
272.55017
272.64966
272.86539
272.39490
272.42834
271.92065
271.99414
272.07687
272.08990
271.64822
271.62311
271.53479
271.34137
271.46970
271.45203
272.11130
272.16241
272.42279
272.45718
272.43860
272.38931
271.87231
271.88721
271.84442
271.56268
271.54037
271.61661
271.41019
271.47156
271.25769
271.24374
271.27817
271.26605
271.13495
271.22421
271.23816
271.18982
271.23447
271.26422
271.94858
271.95880
272.34747
272.37164
272.30096
272.33353
272.21451
272.30191
272.28796
272.30377
271.91788
272.02759
272.19589
272.37164
272.35489
272.36047
272.44974
272.42279
272.32327
272.31027
272.47299
272.42834
272.51019
272.63757
273.05972
273.15549
273.13782
273.14432
273.13873
273.00577
272.63107
272.68127
272.40790
272.20239
272.37909
272.19031
271.86581
271.80350
271.76074
271.69193
271.75888
271.71609
271.49481
271.47250
271.50317
271.40646
271.29117
271.19077
271.73190
271.70959
272.01736
272.16241
272.24426
272.28702
272.30841
272.38745
272.45346
272.64035
272.60968
272.68686
273.02252
273.12946
273.33029
273.30704
273.29218
273.29123
273.38144
273.44839
273.48837
273.82031
273.83704
273.86679
274.39587
274.54279
274.87659
274.94821
274.86917
274.86264
274.85614
274.85614
274.94263
274.98633
274.99655
275.06070
275.22064
275.27643
275.42242
275.41962
275.48657
275.55817
275.91336
275.95615
276.04355
276.60144
276.65164
276.82925
277.69028
277.61960
277.97852
277.83069
277.80743
277.69864
277.72189
277.76837
277.86136
278.27515
278.54572
278.68704
278.99203
279.11105
279.41791
279.47183
279.78238
279.92838
280.28079
280.29288
280.01669
280.32913
280.45560
280.50116
281.14551
281.14832
281.83359
281.83267
281.85684
281.80664
281.75827
281.75922
281.73224
281.85498
281.96564
282.05209
281.73782
281.56674
281.34265
281.26733
281.28500
281.20132
280.65085
280.54486
280.44629
279.99719
279.79355
279.75729
280.92886
281.00699
281.48398
281.57788
281.72110
281.69598
281.30731
281.26270
281.30081
280.79684
280.78476
280.72711
280.39236
280.32541
280.02695
280.02509
279.97394
279.91534
279.70706
279.71265
279.72940
280.01205
279.78796
279.93674
280.51044
280.65085
280.98932
281.08694
281.20132
281.31009
281.15948
281.14923
281.18085
281.20782
281.22736
281.22269
281.23663
281.05255
281.09903
281.06650
281.12042
281.17062
281.45886
281.55093
281.57974
282.00748
282.06235
282.06885
282.79132
282.87408
283.33249
283.38828
283.35852
283.47009
284.11542
284.33578
284.50500
284.71329
284.65469
284.59518
284.10052
283.96198
283.06470
283.05911
282.87781
282.63882
281.61789
281.60858
281.84198
280.70013
280.29843
279.81586
280.13757
280.09946
279.48856
279.42441
279.26913
279.21518
278.47504
278.39230
278.29279
277.60846
277.53778
277.46805
276.45081
276.31320
275.21042
275.10907
274.81989
274.80313
274.00534
273.79056
273.81009
272.72961
272.65057
272.78262
273.77197
273.89005
274.55673
274.52512
274.37820
274.12064
272.38931
272.00809
272.25726
271.99878
272.11221
272.24518
271.61102
271.65845
271.40369
271.33115
271.27444
271.19540
270.89227
270.64124
270.45526
270.71188
270.97409
270.98431
272.12802
272.24146
272.10849
272.07315
271.97833
271.76538
271.21027
271.14706
271.14426
270.90903
270.88019
270.94528
270.82626
270.77234
270.22559
270.16049
270.10843
270.15027
269.50870
269.37015
269.11536
268.84106
268.71741
268.96381
270.27765
270.54544
270.96295
270.92017
270.00150
268.90430
266.69873
265.66013
265.43976
265.61642
266.97583
268.82526
268.57422
268.63000
269.07166
269.24182
269.14511
269.09677
268.65790
267.40448
267.46399
267.62393
267.93262
268.12509
269.14420
269.21021
269.21857
269.20557
268.87177
268.76111
267.81082
267.80801
267.83777
267.15994
266.91260
266.81961
266.52301
266.62155
266.34262
266.35657
266.42816
266.43839
266.58807
266.57507
266.63922
266.64294
266.69968
266.78149
267.44818
267.54395
267.49374
267.54395
267.65555
267.67972
267.49933
267.39426
267.42960
267.35519
267.30591
267.10321
266.81311
266.57971
265.40628
265.58945
265.72150
265.23334
264.82047
264.79816
265.47137
265.82376
265.14963
265.97253
267.73178
268.17065
268.44217
268.54074
268.74902
268.81781
269.01309
269.16000
269.22043
269.57098
269.62585
269.65466
269.80157
269.85550
270.03033
270.04428
270.07867
270.07031
269.98941
270.01730
270.06287
270.00244
269.99777
269.44547
269.85736
270.48035
270.46921
270.28696
270.12982
269.94571
269.60168
269.67233
269.48730
269.44174
269.48636
269.49103
269.64444
269.72162
269.64166
269.49103
269.40082
269.14883
269.00287
268.81876
268.68115
268.48029
268.32224
268.04886
268.75830
268.84387
269.13025
269.16278
269.02704
268.91266
268.43008
268.28040
268.24597
268.16229
268.18646
268.15671
268.31479
268.32315
268.82434
268.98798
269.17395
269.19534
269.86667
270.08704
270.10657
271.00198
271.11545
271.30139
272.25262
272.36234
272.97137
273.02902
273.07367
273.04947
273.31357
273.24847
273.23544
273.62784
273.64642
273.52463
273.52277
273.55161
273.39630
273.43073
273.44931
273.48837
273.42142
273.44931
273.49115
273.39166
273.41956
273.46140
273.61575
273.73755
273.45767
273.49673
273.51346
273.51813
272.99649
272.71939
272.59665
272.05734
271.91696
271.54965
270.88855
270.72397
270.30368
270.17816
270.09821
269.94476
269.50961
269.47614
269.14325
268.62442
268.63000
268.55283
268.61139
268.53143
268.68671
268.64487
268.48587
268.45334
267.94193
267.99680
268.03491
267.79593
267.89264
267.87592
267.60159
267.57556
267.58392
267.67319
267.59695
267.65738
267.43796
267.18875
267.22223
266.96466
266.86053
266.92563
267.38589
267.26407
267.80432
267.76804
267.88800
267.99866
267.87033
267.78107
267.64902
267.49280
267.48444
267.52072
267.52908
267.67319
267.39426
267.40726
267.41470
267.51791
267.47607
267.35614
267.34869
267.28360
267.20642
267.14319
267.44446
267.41751
267.84244
267.90659
267.81732
267.81641
267.52072
267.58859
267.71320
267.59323
267.56256
267.50397
267.42493
267.26779
267.41934
267.27151
267.21573
267.23059
267.59323
267.72156
267.77457
268.19669
268.07581
268.05630
268.97684
269.16745
269.87225
270.12701
270.02939
269.90292
269.80438
269.72998
269.82574
269.80624
269.79044
269.82019
269.86203
269.96152
269.94571
270.00708
269.99405
269.86203
269.58493
269.51797
269.44080
269.03726
268.97498
268.84570
269.15256
269.25949
269.33481
269.37851
269.33295
269.21021
268.83456
268.79086
268.70810
268.36221
268.34174
268.55560
268.38916
268.57977
268.47287
268.64023
268.79645
268.93314
268.47101
268.26086
268.01816
267.41098
267.05951
266.90982
267.34311
267.24362
267.78571
267.80896
267.93729
268.07581
266.41980
266.19662
266.29520
265.14871
265.15149
265.01202
264.00687
264.01340
263.23047
263.36435
263.50104
263.64703
263.11053
263.12167
262.86505
262.51822
262.32666
262.59818
265.85632
266.02182
267.46771
267.72900
267.91122
267.48352
265.12827
264.84467
264.55176
263.51965
263.34204
263.18582
262.19000
261.95474
261.51678
261.47217
261.61349
261.17181
260.68365
260.61670
260.46329
260.24106
260.47446
260.84360
263.77628
264.00409
265.41370
265.68335
265.71033
265.45926
263.48990
263.20535
263.13004
262.45871
262.35550
262.36945
261.85526
261.81247
261.63861
261.48331
261.76041
261.89246
262.31085
262.38525
262.31830
262.33224
262.23276
262.44940
265.24728
265.35419
265.93164
265.86374
265.66104
265.19241
263.86740
263.66470
263.62006
263.02591
262.85483
262.92828
262.43732
262.26251
261.97614
262.03006
262.00961
262.04401
262.12863
262.31924
262.25787
262.85110
262.98221
263.22583
264.65775
264.97855
265.43695
265.72150
265.74939
265.82376
265.94186
266.10086
265.97720
265.80518
265.72522
265.88699
265.41556
265.50949
264.90417
264.90881
264.65961
264.40207
263.59311
263.36716
263.48245
262.78973
262.80182
263.04636
265.15057
265.35513
266.25427
266.54068
266.55832
266.43652
265.02875
265.04269
264.92834
264.10638
263.81906
263.69632
262.60748
262.46616
261.34198
261.13742
261.07327
260.93845
260.37683
260.25223
260.15552
259.88864
259.88214
260.09787
262.70697
262.91061
264.02081
263.98920
263.97061
263.75674
262.53867
262.24951
262.21417
261.60886
261.66183
261.62000
261.53168
261.66370
261.91849
261.97519
262.26810
262.42151
262.28204
262.27368
262.14444
262.14163
261.90546
262.04401
264.75912
265.07617
266.65784
266.74057
266.68573
266.45419
265.60434
265.33096
265.23148
264.71170
264.81491
264.71448
264.20959
264.13519
263.71118
263.62750
263.62006
263.52524
262.84180
262.68185
262.70233
262.14349
262.26624
262.63629
265.17102
265.43509
265.90189
265.95023
265.76892
265.51135
264.16681
263.98456
263.91388
263.76605
263.76328
263.78372
263.73071
263.72141
263.93900
263.98178
264.00409
264.02921
264.21887
264.30722
264.29514
264.42810
264.33044
264.21515
265.07245
265.09479
266.24869
266.31564
266.22919
266.31100
266.95908
267.11066
267.20737
267.79593
267.75595
267.75876
268.09070
268.22366
268.30734
268.35291
268.33060
268.36127
268.48495
268.44681
268.38361
268.44031
268.59653
268.58817
268.98520
269.06424
269.39618
269.34503
269.29669
269.22229
269.19067
269.16931
269.29019
269.39432
269.23346
269.31528
269.49008
269.59515
269.79416
269.86295
269.81833
269.77463
269.76346
270.13910
269.88156
270.42551
270.41434
270.94806
271.95694
272.01550
272.83191
272.21170
271.99319
271.89557
272.22006
272.11316
272.43765
273.00299
273.13968
273.27356
272.75192
272.81982
273.32098
273.13968
273.33588
273.43628
273.50696
272.94443
273.30890
272.96579
272.84399
272.99927
273.31262
273.38980
272.87189
272.75659
272.49066
272.56317
272.59665
272.69708
272.68314
273.23639
273.51068
273.70038
274.71387
275.05420
276.53543
276.14862
275.83990
275.75250
276.08725
276.04913
275.89755
275.93195
275.88733
275.87897
276.02029
276.03702
275.94034
276.00726
276.23044
276.19696
275.90686
275.89011
275.91708
275.58420
275.62976
275.65952
274.85986
274.78363
274.55859
274.71204
274.84592
274.95749
274.61905
274.70551
274.93610
274.77618
274.80313
274.86081
274.31778
273.59900
272.99649
272.73148
272.49158
272.36792
271.78027
271.86673
271.97180
271.40182
271.40555
271.69006
271.09311
271.37579
270.58542
269.88156
269.20743
268.75830
268.15298
267.73083
267.57278
267.31430
267.31149
267.28360
267.99399
268.36780
269.09769
269.34317
269.34225
269.03821
268.51657
268.64114
268.82990
268.47470
268.30548
268.08234
267.54489
267.54489
267.10416
267.25385
267.38959
267.33847
266.77686
266.85309
266.89957
266.27939
265.93533
266.06366
266.92749
266.89401
266.34354
266.26263
266.19849
266.03763
266.16037
266.15387
266.27567
266.82520
266.87634
267.04556
268.00888
268.16415
269.25858
269.41290
269.55426
269.86948
270.57614
270.79929
270.94156
271.07639
270.92761
270.51569
270.14191
269.87225
269.32831
269.23624
269.17209
269.07632
267.87683
267.88333
267.88614
267.07254
267.45377
267.73364
267.67691
267.68994
267.99399
267.93915
267.95587
267.90567
268.13068
268.20041
268.29434
268.58163
268.67743
268.75552
269.41290
269.41476
269.62772
269.64352
269.60632
269.60074
269.60074
269.52078
269.45383
269.41943
269.36084
269.31995
269.25204
269.19254
269.19720
269.15070
268.95358
268.91733
268.16229
268.04327
268.05630
267.46771
267.46490
267.50677
267.44260
267.67599
267.61368
267.75504
267.91031
267.85730
267.15994
267.08090
266.88379
265.23334
264.89487
264.62894
263.38855
263.21930
262.44568
262.30621
262.21417
262.18442
262.58609
263.01846
263.34485
264.51642
264.58801
264.76749
266.77127
266.80289
268.73322
269.06793
269.15256
269.36179
270.25443
270.44318
270.51569
270.90808
270.86996
270.85043
270.42365
270.36227
269.22229
269.16464
269.25113
269.10049
267.62857
266.90051
266.24683
264.92090
264.62799
264.60291
265.50763
265.67126
266.39191
266.39191
266.19104
265.89536
265.27982
265.08734
264.67728
263.07892
263.35785
263.25745
262.77951
262.03098
261.72321
262.46988
262.29041
262.38617
262.95804
263.93713
264.38812
265.95859
266.25894
266.53043
268.00235
268.32037
269.41199
269.44174
269.39246
269.35062
269.96057
269.86575
269.88712
270.78162
270.94434
271.29584
272.57156
272.65710
273.63528
273.69107
273.81940
273.93375
274.29825
274.21271
274.06207
274.09647
273.94678
273.83890
273.98676
274.02209
274.03790
274.07788
274.38474
274.11041
274.02301
273.96536
274.11136
274.07230
274.07507
274.09183
274.10019
274.07138
273.99606
273.98676
274.53629
274.28152
274.04068
273.99976
273.83054
273.85565
274.05090
274.07602
274.41727
274.38843
274.38193
274.33731
274.36707
274.38101
274.55301
274.63300
274.84869
274.93427
274.90915
274.83755
274.83383
274.80130
274.84869
274.75665
274.72504
274.69437
274.61905
274.61438
274.49631
274.28989
274.30475
274.27872
274.34659
274.30756
274.09183
274.20804
274.23874
274.17923
274.04718
274.20990
274.32800
274.15506
274.27222
274.18109
273.43445
273.46326
272.67569
272.64780
272.64407
272.54364
271.51807
270.88391
270.58542
269.63608
269.34317
269.35620
269.11536
269.15814
268.90894
268.99728
269.13861
269.25949
268.47379
268.60211
268.72018
267.92148
268.08511
268.07303
267.96796
267.51328
268.90988
268.88199
267.57837
266.93399
266.63086
266.35562
266.36029
266.49603
266.62622
266.91632
267.20828
267.44632
267.70575
267.68900
267.56534
267.45563
266.98514
266.90424
266.86612
266.90796
266.98978
267.14786
267.13110
267.00000
267.05487
266.58994
266.29984
266.20407
266.41980
266.52301
266.69037
267.01303
267.09763
267.21292
268.11673
268.24411
269.07166
269.26599
269.74393
270.04984
270.73978
271.00665
271.16006
271.57571
271.54315
271.44644
271.57477
271.53851
271.66403
271.62311
271.55804
271.49200
271.27444
271.06522
271.09592
270.91180
270.68677
270.68027
271.10242
271.20377
271.24933
271.37299
271.37299
271.46597
271.34509
271.37857
271.32001
271.06522
271.00012
271.28003
271.68820
271.89648
271.85745
271.67426
271.38324
271.22607
270.67935
270.61798
270.16516
270.10843
269.76810
270.03683
270.65982
270.70352
270.84393
270.89508
270.91830
270.80396
270.37714
270.70816
270.75281
270.91180
271.03918
271.13126
271.20749
271.20935
271.61383
271.45111
271.50226
271.63614
271.88998
271.87512
271.84256
272.10663
271.99783
272.05548
273.19824
273.20105
273.72641
273.77011
273.82681
273.84915
274.04163
274.04718
274.08902
274.30383
274.53351
274.48141
274.36148
274.29266
274.43213
274.04440
274.35962
274.13925
274.11972
274.02209
274.11972
273.61667
273.61481
273.74777
274.06485
274.25732
274.48608
274.60602
274.61996
274.58743
274.25455
274.32242
274.47955
274.20248
274.08438
273.76080
273.55252
273.58228
273.79242
273.90494
