0.00000
0.00000
0.00000
0.00000
0.00000
0.00000
0.00000
0.05681
4.09167
5.73972
5.54649
1.29569
0.15910
0.95472
0.00000
0.00000
0.00000
0.00000
0.00000
0.00000
0.00000
0.00000
0.00000
0.00000
0.00000
0.00000
0.00000
0.00000
0.00000
0.00000
0.00000
0.54556
1.67076
1.48892
20.61757
25.72080
5.51240
0.60236
0.00000
0.00000
0.00000
0.00000
0.00000
0.00000
0.00000
0.00000
0.00000
0.00000
0.00000
0.00000
0.00000
0.00000
0.00000
0.00000
0.00000
2.45500
19.91288
34.09743
33.66552
29.96028
8.38795
2.18222
0.00000
0.00000
0.00000
0.00000
0.00000
0.00000
0.00000
0.00000
0.00000
0.00000
0.00000
0.00000
0.00000
0.00000
0.00000
0.00000
0.00000
0.67056
6.36483
1.85260
1.10247
5.45559
2.22767
0.03410
0.00000
0.00000
0.00000
0.00000
0.00000
0.00000
0.00000
0.00000
0.00000
0.00000
0.00000
0.00000
0.00000
0.00000
0.00000
0.00000
0.00000
0.00000
0.00000
0.00000
0.00000
0.00000
0.00000
0.00000
0.00000
0.00000
0.00000
0.00000
0.00000
0.00000
0.00000
0.00000
0.00000
0.00000
0.00000
0.00000
0.00000
0.00000
0.00000
0.00000
0.00000
0.00000
0.00000
0.00000
0.38642
5.16007
17.40104
10.21785
0.02271
0.00000
0.00000
0.00000
0.00000
0.00000
0.00000
0.00000
0.00000
0.00000
0.00000
0.00000
0.00000
0.00000
0.00000
0.00000
0.00000
0.21594
2.01174
18.93542
55.09007
53.08969
34.65434
5.98976
0.00000
0.00000
0.00000
0.00000
0.00000
0.00000
0.00000
0.00000
0.00000
0.00000
0.00000
0.00000
0.00000
0.00000
0.00000
0.00000
0.00000
2.11403
4.42128
2.96646
13.04795
16.58271
4.42128
1.92080
0.00000
0.00000
0.00000
0.00000
0.00000
0.00000
0.00000
0.00000
0.00000
0.00000
0.00000
0.00000
0.00000
0.00000
0.00000
0.00000
0.00000
0.88653
1.15931
0.10229
0.94337
0.46597
0.00000
0.02271
0.00000
0.00000
0.00000
0.00000
0.00000
0.00000
0.00000
0.00000
0.00000
0.00000
0.00000
0.00000
0.00000
0.00000
0.00000
0.00000
0.00000
0.00000
0.00000
0.05681
0.14774
0.02271
0.00000
0.00000
0.00000
0.00000
0.00000
0.00000
0.00000
0.00000
0.00000
0.00000
0.00000
0.00000
0.00000
0.00000
0.00000
0.00000
0.00000
0.00000
0.00000
1.81851
10.09281
3.23924
7.69465
6.71719
0.67056
0.79559
0.00000
0.00000
0.00000
0.00000
0.00000
0.00000
0.00000
0.00000
0.00000
0.00000
0.00000
0.00000
0.00000
0.00000
0.00000
0.00000
0.00000
3.00056
5.93295
12.10458
10.80889
10.80889
5.16007
1.26160
0.00000
0.00000
0.00000
0.00000
0.00000
0.00000
0.00000
0.00000
0.00000
0.00000
0.00000
0.00000
0.00000
0.00000
0.00000
0.00000
0.00000
14.53687
56.79493
84.44795
36.73427
6.14889
0.00000
0.00000
0.00000
0.00000
0.00000
0.00000
0.00000
0.00000
0.00000
0.00000
0.00000
0.00000
0.00000
0.00000
0.00000
0.00000
0.00000
0.00000
0.00000
0.31823
1.63667
0.00000
3.48931
3.36427
0.43187
0.18184
0.00000
0.00000
0.00000
0.00000
0.00000
0.00000
0.00000
0.00000
0.00000
0.00000
0.00000
0.00000
0.00000
0.00000
0.00000
0.00000
0.00000
0.62510
0.69330
9.49045
34.06333
26.36868
25.56170
11.02483
0.15910
0.00000
0.00000
0.00000
0.00000
0.00000
0.00000
0.00000
0.00000
0.00000
0.00000
0.00000
0.00000
0.00000
0.00000
0.00000
0.00000
1.17066
2.23906
9.88823
57.03361
38.54146
14.34365
5.86476
0.06819
0.00000
0.00000
0.00000
0.00000
0.00000
0.00000
0.00000
0.00000
0.00000
0.00000
0.00000
0.00000
0.00000
0.00000
0.00000
0.00000
0.00000
1.01156
0.34097
1.04566
1.15931
0.02271
0.00000
0.00000
0.00000
0.00000
0.00000
0.00000
0.00000
0.00000
0.00000
0.00000
0.00000
0.00000
0.00000
0.00000
0.00000
0.00000
0.00000
0.00000
0.00000
0.00000
0.34097
3.20514
1.76170
2.38681
3.34153
0.09090
0.00000
0.00000
0.00000
0.00000
0.00000
0.00000
0.00000
0.00000
0.00000
0.00000
0.00000
0.00000
0.00000
0.00000
0.00000
0.06819
18.46944
50.25958
85.33448
126.70602
87.26667
57.42007
21.33361
1.45483
0.00000
0.00000
0.00000
0.00000
0.00000
0.00000
0.00000
0.00000
0.00000
0.00000
0.00000
0.00000
0.00000
0.00000
0.00000
0.00000
0.00000
0.00000
0.00000
0.26139
0.25003
0.03410
0.00000
0.00000
0.00000
0.00000
0.00000
0.00000
0.00000
0.00000
0.00000
0.00000
0.00000
0.00000
0.00000
0.00000
0.00000
0.00000
0.00000
0.00000
0.00000
0.15910
0.00000
0.00000
0.00000
0.05681
0.00000
0.00000
0.00000
0.00000
0.00000
0.00000
0.00000
0.00000
0.00000
0.00000
0.00000
0.00000
0.00000
0.00000
0.00000
0.00000
0.00000
0.00000
2.52319
5.00094
23.82271
6.43302
9.22903
7.31958
3.85299
0.75014
0.00000
0.00000
0.00000
0.00000
0.00000
0.00000
0.00000
0.00000
0.00000
0.00000
0.00000
0.00000
0.00000
0.00000
0.00000
0.00000
7.93333
24.83427
31.82427
39.26886
38.48462
26.25500
7.60372
0.35233
0.00000
0.00000
0.00000
0.00000
0.00000
0.00000
0.00000
0.00000
0.00000
0.00000
0.00000
0.00000
0.00000
0.00000
0.00000
0.22729
17.56017
48.06601
50.80514
64.66007
72.60479
53.13514
23.95910
3.25062
0.00000
0.00000
0.00000
0.00000
0.00000
0.00000
0.00000
0.00000
0.00000
0.00000
0.00000
0.00000
0.00000
0.00000
0.00000
0.10229
9.19493
28.01670
22.98167
18.90132
8.16063
3.15969
3.55750
0.51146
0.00000
0.00000
0.00000
0.00000
0.00000
0.00000
0.00000
0.00000
0.00000
0.00000
0.00000
0.00000
0.00000
0.00000
0.00000
0.00000
1.54573
1.63667
2.61413
10.99073
2.23906
2.43226
6.38757
0.95472
0.00000
0.00000
0.00000
0.00000
0.00000
0.00000
0.00000
0.00000
0.00000
0.00000
0.00000
0.00000
0.00000
0.00000
0.00000
0.00000
3.75069
12.95701
24.53878
20.01517
15.11653
11.12712
14.82101
1.64802
0.00000
0.00000
0.00000
0.00000
0.00000
0.00000
0.00000
0.00000
0.00000
0.00000
0.00000
0.00000
0.00000
0.00000
0.00000
0.00000
0.02271
0.00000
2.67094
2.26177
2.43226
1.26160
0.02271
0.00000
0.00000
0.00000
0.00000
0.00000
0.00000
0.00000
0.00000
0.00000
0.00000
0.00000
0.00000
0.00000
0.00000
0.00000
0.00000
0.00000
0.09090
0.78424
8.38795
70.43392
113.01022
77.86715
11.47944
1.79580
0.00000
0.00000
0.00000
0.00000
0.00000
0.00000
0.00000
0.00000
0.00000
0.00000
0.00000
0.00000
0.00000
0.00000
0.00000
0.09090
1.31844
10.71795
37.84813
34.97257
7.16045
6.43302
0.87514
0.22729
0.00000
0.00000
0.00000
0.00000
0.00000
0.00000
0.00000
0.00000
0.00000
0.00000
0.00000
0.00000
0.00000
0.00000
0.00000
0.05681
3.40972
3.30743
6.77403
19.37868
0.14774
5.72837
3.30743
0.22729
0.00000
0.00000
0.00000
0.00000
0.00000
0.00000
0.00000
0.00000
0.00000
0.00000
0.00000
0.00000
0.00000
0.00000
0.00000
0.09090
4.85319
33.38136
55.12417
65.52389
41.78069
36.32510
19.75375
2.02309
0.00000
0.00000
0.00000
0.00000
0.00000
0.00000
0.00000
0.00000
0.00000
0.00000
0.00000
0.00000
0.00000
0.00000
0.00000
0.00000
0.51146
3.89847
7.34229
36.21146
81.08368
31.96066
16.76455
4.47813
0.00000
0.00000
0.00000
0.00000
0.00000
0.00000
0.00000
0.00000
0.00000
0.00000
0.00000
0.00000
0.00000
0.00000
0.00000
1.00017
9.16083
39.62122
89.22158
128.58139
134.15062
64.19406
18.84451
1.89809
0.00000
0.00000
0.00000
0.00000
0.00000
0.00000
0.00000
0.00000
0.00000
0.00000
0.00000
0.00000
0.00000
0.00000
0.00000
0.28413
1.64802
24.58424
67.60382
102.15588
134.17337
130.46811
82.52714
18.04889
0.02271
0.00000
0.00000
0.00000
0.00000
0.00000
0.00000
0.00000
0.00000
0.00000
0.00000
0.00000
0.00000
0.00000
0.00000
1.88670
3.25062
17.70792
15.92347
26.93694
45.05406
103.29247
66.70594
20.07201
0.02271
0.00000
0.00000
0.00000
0.00000
0.00000
0.00000
0.00000
0.00000
0.00000
0.00000
0.00000
0.00000
0.00000
0.00000
0.00000
0.22729
6.26253
8.18337
5.36465
17.33285
7.78556
5.23962
0.00000
0.00000
0.00000
0.00000
0.00000
0.00000
0.00000
0.00000
0.00000
0.00000
0.00000
0.00000
0.00000
0.00000
0.00000
0.00000
0.00000
1.35253
0.00000
0.00000
0.00000
2.89826
23.02712
22.02691
4.56903
0.00000
0.00000
0.00000
0.00000
0.00000
0.00000
0.00000
0.00000
0.00000
0.00000
0.00000
0.00000
0.00000
0.00000
0.00000
1.36389
2.58003
2.26177
8.05833
78.41271
64.18271
65.39886
34.59750
11.88861
0.06819
0.00000
0.00000
0.00000
0.00000
0.00000
0.00000
0.00000
0.00000
0.00000
0.00000
0.00000
0.00000
0.00000
0.00000
0.71604
23.85681
42.50813
69.32007
148.89209
139.50392
108.37297
47.62274
13.90038
0.06819
0.00000
0.00000
0.00000
0.00000
0.00000
0.00000
0.00000
0.00000
0.00000
0.00000
0.00000
0.00000
0.00000
0.00000
0.81833
5.86476
20.14021
32.44938
30.16486
72.69569
80.51538
38.70055
21.31087
0.30687
0.00000
0.00000
0.00000
0.00000
0.00000
0.00000
0.00000
0.00000
0.00000
0.00000
0.00000
0.00000
0.00000
0.00000
1.92080
37.21163
99.13257
99.90545
84.57297
86.75521
70.34299
54.96503
24.01594
0.59101
0.00000
0.00000
0.00000
0.00000
0.00000
0.00000
0.00000
0.00000
0.00000
0.00000
0.00000
0.00000
0.00000
0.00000
1.07976
27.64163
123.23946
199.73135
177.45436
194.34396
119.30689
41.08739
15.51431
0.38642
0.00000
0.00000
0.00000
0.00000
0.00000
0.00000
0.00000
0.00000
0.00000
0.00000
0.00000
0.00000
0.00000
0.00000
1.17066
5.92156
15.28701
20.95854
50.38462
46.48615
36.73427
10.96799
5.77382
0.12500
0.00000
0.00000
0.00000
0.00000
0.00000
0.00000
0.00000
0.00000
0.00000
0.00000
0.00000
0.00000
0.00000
0.00000
3.84163
48.90705
86.24375
126.18320
114.89694
174.80612
179.93211
103.05379
37.05254
0.69330
0.00000
0.00000
0.00000
0.00000
0.00000
0.00000
0.00000
0.00000
0.00000
0.00000
0.00000
0.00000
0.00000
0.00000
17.68517
83.03860
159.92828
211.19945
216.43909
236.95438
193.10509
136.37833
51.04382
2.68233
0.00000
0.00000
0.00000
0.00000
0.00000
0.00000
0.00000
0.00000
0.00000
0.00000
0.00000
0.00000
0.00000
0.00000
22.62930
96.96170
184.67165
246.18340
275.07529
255.37836
186.20604
88.52828
12.67288
0.75014
0.00000
0.00000
0.00000
0.00000
0.00000
0.00000
0.00000
0.00000
0.00000
0.00000
0.00000
0.00000
0.00000
0.00000
1.56847
9.04719
25.87993
10.43378
11.53628
6.29663
22.27698
4.54632
0.34097
0.12500
0.00000
0.00000
0.00000
0.00000
0.00000
0.00000
0.00000
0.00000
0.00000
0.00000
0.00000
0.00000
0.00000
0.00000
0.00000
0.00000
0.00000
12.88882
22.22014
46.98625
36.27965
44.08795
21.54955
1.72760
0.00000
0.00000
0.00000
0.00000
0.00000
0.00000
0.00000
0.00000
0.00000
0.00000
0.00000
0.00000
0.00000
0.00000
2.86417
9.39951
3.21653
14.70736
6.98997
1.35253
0.34097
0.00000
0.00000
0.00000
0.00000
0.00000
0.00000
0.00000
0.00000
0.00000
0.00000
0.00000
0.00000
0.00000
0.00000
0.00000
0.00000
0.00000
0.81833
2.61413
1.31844
26.66417
100.23505
101.47392
121.33000
70.20660
40.72368
3.81889
0.00000
0.00000
0.00000
0.00000
0.00000
0.00000
0.00000
0.00000
0.00000
0.00000
0.00000
0.00000
0.00000
0.02271
9.35406
61.57993
104.24718
98.32561
113.66944
34.50660
37.72313
22.59521
10.01326
0.06819
0.00000
0.00000
0.00000
0.00000
0.00000
0.00000
0.00000
0.00000
0.00000
0.00000
0.00000
0.00000
0.00000
0.00000
0.00000
0.00000
19.53781
99.51901
137.84451
165.62256
158.91673
94.32484
36.24556
2.43226
0.00000
0.00000
0.00000
0.00000
0.00000
0.00000
0.00000
0.00000
0.00000
0.00000
0.00000
0.00000
0.00000
0.03410
0.05681
9.88823
29.96028
11.07028
35.32493
49.16847
60.37518
42.15577
10.36559
0.00000
0.00000
0.00000
0.00000
0.00000
0.00000
0.00000
0.00000
0.00000
0.00000
0.00000
0.00000
0.00000
0.00000
0.02271
5.51240
25.56170
54.16945
67.84250
151.44939
42.68996
23.15215
18.62854
13.76399
3.81889
0.00000
0.00000
0.00000
0.00000
0.00000
0.00000
0.00000
0.00000
0.00000
0.00000
0.00000
0.00000
0.00000
0.56826
11.30896
66.54681
153.05199
232.87404
207.88063
189.07022
148.52838
136.17375
58.77257
11.25215
0.00000
0.00000
0.00000
0.00000
0.00000
0.00000
0.00000
0.00000
0.00000
0.00000
0.00000
0.00000
0.00000
0.50007
35.32493
112.76017
203.34567
288.81656
270.07434
239.43211
120.44347
61.56858
17.42378
2.93236
0.00000
0.00000
0.00000
0.00000
0.00000
0.00000
0.00000
0.00000
0.00000
0.00000
0.00000
0.00000
0.00000
0.02271
6.89903
56.05614
100.62149
170.75990
131.28644
133.52550
89.93764
26.36868
6.17163
4.88729
0.00000
0.00000
0.00000
0.00000
0.00000
0.00000
0.00000
0.00000
0.00000
0.00000
0.00000
0.00000
0.00000
1.51163
30.53993
119.56830
236.94301
296.38617
310.18427
275.00711
202.94786
131.18414
81.51557
17.43514
0.00000
0.00000
0.00000
0.00000
0.00000
0.00000
0.00000
0.00000
0.00000
0.00000
0.00000
0.00000
0.00000
4.19396
62.59149
163.07661
256.82181
322.91400
351.65811
339.21255
287.05487
202.68646
101.97403
21.10629
0.00000
0.00000
0.00000
0.00000
0.00000
0.00000
0.00000
0.00000
0.00000
0.00000
0.00000
0.00000
0.00000
5.08052
65.33066
164.65646
258.65170
325.90320
355.94302
336.76889
258.04932
147.03946
76.45778
14.20726
0.00000
0.00000
0.00000
0.00000
0.00000
0.00000
0.00000
0.00000
0.00000
0.00000
0.00000
0.00000
0.00000
3.40972
49.28215
137.93546
244.22849
319.98160
352.81744
323.82327
262.09555
176.09047
102.95149
23.84545
0.00000
0.00000
0.00000
0.00000
0.00000
0.00000
0.00000
0.00000
0.00000
0.00000
0.00000
0.00000
0.00000
3.81889
35.09760
68.16073
54.32854
92.81318
55.78337
56.59035
54.79455
27.35750
8.91080
0.44326
0.00000
0.00000
0.00000
0.00000
0.00000
0.00000
0.00000
0.00000
0.00000
0.00000
0.00000
0.00000
0.00000
1.31844
2.29587
35.66590
46.61118
132.72992
144.77765
109.49819
90.72188
60.50018
44.12205
14.29816
0.02271
0.00000
0.00000
0.00000
0.00000
0.00000
0.00000
0.00000
0.00000
0.00000
0.00000
0.00000
0.00000
4.67132
37.49580
114.70374
187.59265
296.02249
290.07816
164.87241
149.43764
75.30983
43.87201
5.93295
0.00000
0.00000
0.00000
0.00000
0.00000
0.00000
0.00000
0.00000
0.00000
0.00000
0.00000
0.00000
0.00000
4.25080
18.37851
71.96830
67.53562
150.36963
92.44948
32.08566
48.74795
56.27212
25.80038
16.45767
0.05681
0.00000
0.00000
0.00000
0.00000
0.00000
0.00000
0.00000
0.00000
0.00000
0.00000
0.00000
0.00000
0.06819
7.93333
39.01882
53.10104
34.93847
10.39969
39.66667
25.62990
9.54726
11.57038
0.02271
0.00000
0.00000
0.00000
0.00000
0.00000
0.00000
0.00000
0.00000
0.00000
0.00000
0.00000
0.00000
0.00000
6.10344
47.04306
82.77717
204.42543
319.41333
408.96451
395.95065
335.80283
254.40088
134.66209
40.39406
0.40917
0.00000
0.00000
0.00000
0.00000
0.00000
0.00000
0.00000
0.00000
0.00000
0.00000
0.00000
0.00000
19.82195
106.92951
219.76927
319.35651
387.57407
415.77264
400.64474
344.31580
253.08246
142.16353
41.87163
0.56826
0.00000
0.00000
0.00000
0.00000
0.00000
0.00000
0.00000
0.00000
0.00000
0.00000
0.00000
0.00000
20.99264
95.70010
179.78436
258.53806
355.24973
399.32632
388.14236
341.50842
257.15143
148.49429
45.62236
0.81833
0.00000
0.00000
0.00000
0.00000
0.00000
0.00000
0.00000
0.00000
0.00000
0.00000
0.00000
0.00000
0.00000
5.10323
53.85118
63.81899
143.22054
98.95073
50.48691
27.19837
2.10267
1.53437
2.29587
0.12500
0.00000
0.00000
0.00000
0.00000
0.00000
0.00000
0.00000
0.00000
0.00000
0.00000
0.00000
0.00000
4.76226
29.26694
143.00461
253.20749
339.13300
204.93689
172.05560
116.84050
85.01624
27.88031
15.00285
0.22729
0.00000
0.00000
0.00000
0.00000
0.00000
0.00000
0.00000
0.00000
0.00000
0.00000
0.00000
0.00000
0.00000
6.39892
20.82215
75.69628
100.81472
87.48262
53.15788
122.68253
78.74232
39.60983
19.79924
0.79559
0.00000
0.00000
0.00000
0.00000
0.00000
0.00000
0.00000
0.00000
0.00000
0.00000
0.00000
0.05681
32.10840
129.79753
245.06955
344.58856
413.35175
446.84677
379.92490
319.95889
201.95905
86.77793
20.19701
1.12521
0.00000
0.00000
0.00000
0.00000
0.00000
0.00000
0.00000
0.00000
0.00000
0.00000
0.00000
0.06819
20.20840
85.14127
173.81731
217.68932
279.73529
342.64502
181.85294
95.38186
33.91555
7.88785
4.10306
0.60236
0.00000
0.00000
0.00000
0.00000
0.00000
0.00000
0.00000
0.00000
0.00000
0.00000
0.00000
0.26139
39.25750
142.52724
244.05800
317.84482
414.35190
452.12048
438.87933
382.56174
290.04407
175.84042
64.18271
3.75069
0.00000
0.00000
0.00000
0.00000
0.00000
0.00000
0.00000
0.00000
0.00000
0.00000
0.00000
0.46597
41.41698
142.37949
258.77673
355.77252
405.91846
438.36789
435.18546
378.66327
286.64569
174.01051
64.26226
4.19396
0.00000
0.00000
0.00000
0.00000
0.00000
0.00000
0.00000
0.00000
0.00000
0.00000
0.00000
0.69330
43.13323
146.09610
261.90231
361.22812
429.13882
456.90549
441.39117
384.58487
293.32880
180.28444
68.86542
5.17142
0.00000
0.00000
0.00000
0.00000
0.00000
0.00000
0.00000
0.00000
0.00000
0.00000
0.00000
0.95472
44.72445
147.09628
262.25464
360.88715
425.51312
438.75430
435.79919
375.21945
283.52011
170.55531
65.83076
5.33056
0.00000
0.00000
0.00000
0.00000
0.00000
0.00000
0.00000
0.00000
0.00000
0.00000
0.00000
1.44344
49.53219
155.63202
272.32477
371.28687
440.80014
467.41888
449.77914
391.39297
298.71619
184.78531
72.58205
6.61490
0.00000
0.00000
0.00000
0.00000
0.00000
0.00000
0.00000
0.00000
0.00000
0.00000
0.00000
2.07993
55.23781
165.44069
282.19031
380.45908
444.65317
468.06674
456.39404
402.89517
307.09277
192.70728
79.21969
8.19472
0.00000
0.00000
0.00000
0.00000
0.00000
0.00000
0.00000
0.00000
0.00000
0.00000
0.00000
2.86417
60.51156
174.26057
294.43124
396.08704
463.77045
490.40054
472.94269
413.61313
319.32239
201.90222
83.89102
9.45635
0.00000
0.00000
0.00000
0.00000
0.00000
0.00000
0.00000
0.00000
0.00000
0.00000
0.00000
3.14833
62.22778
176.02228
295.21552
394.91638
461.69052
487.78638
470.51038
411.98785
318.69727
202.53870
85.49361
10.45653
0.00000
0.00000
0.00000
0.00000
0.00000
0.00000
0.00000
0.00000
0.00000
0.00000
0.00000
3.69389
51.32799
120.50030
208.10796
318.93594
350.54428
335.32544
409.19183
343.86118
188.16095
67.85385
9.63819
1.19340
0.00000
0.00000
0.00000
0.00000
0.00000
0.00000
0.00000
0.00000
0.00000
0.00000
0.00000
0.00000
0.00000
2.02309
0.00000
40.78052
26.32319
36.92750
79.09465
237.85228
226.31598
187.39944
63.02340
12.97976
0.00000
0.00000
0.00000
0.00000
0.00000
0.00000
0.00000
0.00000
0.00000
0.00000
0.00000
0.60236
5.69427
38.25729
99.54173
183.23956
253.08246
147.83507
88.81242
31.38097
39.66667
11.80906
13.35483
2.26177
0.00000
0.00000
0.00000
0.00000
0.00000
0.00000
0.00000
0.00000
0.00000
0.00000
0.00000
2.73913
11.96819
19.16274
0.18184
7.09226
3.97802
0.85243
1.70486
0.02271
0.00000
0.75014
0.00000
0.00000
0.00000
0.00000
0.00000
0.00000
0.00000
0.00000
0.00000
0.00000
0.00000
0.00000
0.00000
2.01174
12.21823
76.25320
185.45589
317.48111
251.71855
338.98523
148.49429
114.35139
94.63172
85.51633
23.80000
0.54556
0.00000
0.00000
0.00000
0.00000
0.00000
0.00000
0.00000
0.00000
0.00000
0.00000
0.00000
10.96799
91.89256
214.66603
321.52737
372.69623
317.56070
288.19144
185.16039
194.30986
138.82198
90.50592
44.01976
15.80983
0.00000
0.00000
0.00000
0.00000
0.00000
0.00000
0.00000
0.00000
0.00000
0.00000
0.00000
7.50142
52.68052
144.10709
75.62809
22.69750
21.43590
48.33878
37.75722
14.52549
2.87556
0.18184
0.10229
0.00000
0.00000
0.00000
0.00000
0.00000
0.00000
0.00000
0.00000
0.00000
0.00000
0.00000
0.00000
0.69330
0.00000
4.60313
7.93333
24.73198
44.12205
35.00667
71.03629
66.87643
29.50562
4.19396
5.58059
0.00000
0.00000
0.00000
0.00000
0.00000
0.00000
0.00000
0.00000
0.00000
0.00000
0.00000
0.00000
0.00000
0.00000
4.81910
0.06819
1.15931
0.00000
0.00000
0.00000
4.75090
4.51222
0.00000
0.00000
0.00000
0.00000
0.00000
0.00000
0.00000
0.00000
0.00000
0.00000
0.00000
0.00000
0.00000
0.00000
0.00000
0.81833
0.69330
23.07257
47.95233
32.89264
76.76466
60.02281
34.38156
41.72389
28.98281
8.44479
3.00056
0.00000
0.00000
0.00000
0.00000
0.00000
0.00000
0.00000
0.00000
0.00000
0.00000
0.00000
0.22729
9.03580
45.28135
188.95656
366.99060
419.68250
466.60056
464.69107
383.10730
197.42410
76.83285
60.50018
24.00458
0.02271
0.00000
0.00000
0.00000
0.00000
0.00000
0.00000
0.00000
0.00000
0.00000
0.00000
20.54938
86.49380
141.92485
351.74902
397.47369
430.11627
366.58142
273.40451
103.96304
36.43879
16.25309
6.17163
0.21594
0.00000
0.00000
0.00000
0.00000
0.00000
0.00000
0.00000
0.00000
0.00000
0.00000
0.00000
2.51184
57.92014
181.98932
273.40451
405.79346
514.20056
520.81543
542.54688
477.47763
357.36374
189.16115
47.05444
3.64840
0.00000
0.00000
0.00000
0.00000
0.00000
0.00000
0.00000
0.00000
0.00000
0.00000
0.00000
0.00000
0.00000
3.97802
1.51163
13.90038
0.05681
61.93229
9.99052
15.25292
33.91555
51.43028
11.71813
3.15969
0.02271
0.00000
0.00000
0.00000
0.00000
0.00000
0.00000
0.00000
0.00000
0.00000
0.00000
3.08014
21.90191
116.76094
137.02618
217.34836
245.06955
172.68073
251.43440
218.41673
136.01462
38.85969
17.19646
6.05795
0.02271
0.00000
0.00000
0.00000
0.00000
0.00000
0.00000
0.00000
0.00000
0.00000
0.00000
0.02271
3.43247
18.00344
120.92083
113.98769
151.96085
82.90221
59.64774
108.78215
101.66715
47.36132
4.88729
0.50007
0.00000
0.00000
0.00000
0.00000
0.00000
0.00000
0.00000
0.00000
0.00000
0.00000
0.00000
0.00000
0.40917
0.84104
0.00000
0.00000
10.18375
15.62799
150.24461
78.81052
24.08413
6.21708
1.82990
0.00000
0.00000
0.00000
0.00000
0.00000
0.00000
0.00000
0.00000
0.00000
0.00000
0.00000
0.00000
0.00000
0.34097
1.97764
5.38740
0.06819
0.00000
0.56826
1.06837
21.42455
1.00017
7.27410
3.61431
0.59101
0.00000
0.00000
0.00000
0.00000
0.00000
0.00000
0.00000
0.00000
0.00000
0.00000
0.00000
0.00000
0.03410
0.00000
16.99187
46.84986
67.72885
136.54881
210.66527
149.26715
81.26552
25.27753
9.16083
1.64802
0.00000
0.00000
0.00000
0.00000
0.00000
0.00000
0.00000
0.00000
0.00000
0.00000
0.00000
2.51184
8.26292
7.62646
31.35826
53.57840
83.55005
101.31481
128.60411
114.23772
90.65368
51.90764
33.68823
6.80813
0.35233
0.00000
0.00000
0.00000
0.00000
0.00000
0.00000
0.00000
0.00000
0.00000
1.15931
45.03132
144.03889
296.62485
406.89594
508.19940
571.95020
599.03491
572.01843
510.34753
414.23825
289.81674
161.70135
50.07774
1.79580
0.00000
0.00000
0.00000
0.00000
0.00000
0.00000
0.00000
0.00000
0.00000
0.22729
19.39007
77.04882
196.99219
94.38167
76.82150
236.99983
352.69238
189.16115
27.78938
0.40917
2.77323
2.38681
0.44326
0.00000
0.00000
0.00000
0.00000
0.00000
0.00000
0.00000
0.00000
0.00000
0.00000
0.00000
0.00000
0.00000
0.00000
4.25080
3.61431
14.27545
27.57344
5.60333
2.61413
1.13656
0.00000
0.00000
3.48931
0.03410
0.00000
0.00000
0.00000
0.00000
0.00000
0.00000
0.00000
0.00000
0.00000
1.57983
31.88108
84.95941
108.83897
54.58997
223.80414
312.50293
310.74121
203.50479
102.16724
94.12026
81.20869
60.37518
32.73351
1.54573
0.00000
0.00000
0.00000
0.00000
0.00000
0.00000
0.00000
0.00000
0.00000
2.75052
59.14767
173.53316
301.10300
405.56613
435.15137
449.36996
400.65610
416.63644
384.26663
343.00876
272.48389
121.06860
33.09722
1.35253
0.00000
0.00000
0.00000
0.00000
0.00000
0.00000
0.00000
0.00000
0.00000
1.04566
11.84316
35.96142
169.94156
224.19057
276.68924
174.45378
292.53320
275.13211
350.71475
230.50996
46.92941
78.56045
54.82865
3.02330
0.00000
0.00000
0.00000
0.00000
0.00000
0.00000
0.00000
0.00000
0.00000
3.40972
38.66646
123.91003
251.55945
401.66766
440.00455
525.82776
459.90607
427.16119
345.12277
256.13986
186.59247
97.21175
13.58212
0.00000
0.00000
0.00000
0.00000
0.00000
0.00000
0.00000
0.00000
0.00000
0.00000
0.00000
0.00000
0.00000
0.00000
0.00000
0.00000
0.00000
0.00000
0.02271
0.00000
0.00000
0.00000
0.03410
0.00000
0.00000
0.00000
0.00000
0.00000
0.00000
0.00000
0.00000
0.00000
0.00000
0.00000
1.12521
8.46750
23.72042
16.88958
78.36726
16.79865
39.87125
42.98549
36.32510
20.48118
6.54670
11.76361
0.00000
0.00000
0.00000
0.00000
0.00000
0.00000
0.00000
0.00000
0.00000
0.00000
0.00000
0.00000
1.54573
20.20840
84.48205
120.65941
121.67097
132.69582
148.76706
212.77931
302.14865
224.30421
226.45236
138.45828
33.99514
18.56035
4.42128
0.00000
0.00000
0.00000
0.00000
0.00000
0.00000
0.00000
0.00000
0.00000
2.11403
12.67288
11.76361
6.14889
0.44326
29.97163
73.61632
57.24958
42.34899
13.68441
0.00000
0.02271
0.00000
0.00000
0.00000
0.00000
0.00000
0.00000
0.00000
0.00000
0.00000
0.00000
0.00000
0.00000
4.92139
50.11184
128.06993
211.92686
274.48428
372.82126
331.41562
238.18187
211.39267
100.08731
30.40354
12.69559
0.15910
3.39837
0.00000
0.00000
0.00000
0.00000
0.00000
0.00000
0.00000
0.00000
0.00000
0.00000
2.75052
26.44823
61.70496
16.86684
179.89801
108.92989
73.74136
21.76552
50.35052
11.80906
14.05948
30.89226
36.15462
23.54993
2.98920
0.00000
0.00000
0.00000
0.00000
0.00000
0.00000
0.00000
0.00000
0.00000
0.00000
3.75069
33.43819
95.58644
139.73125
84.41386
91.67660
30.89226
110.79389
197.20815
268.33539
100.80335
48.99799
27.78938
7.02406
0.00000
0.00000
0.00000
0.00000
0.00000
0.00000
0.00000
0.00000
0.00000
16.09396
95.22274
218.98503
351.30576
353.29480
260.60663
126.52417
209.36955
260.69754
175.87451
157.03000
138.59467
113.10114
32.96083
0.12500
0.00000
0.00000
0.00000
0.00000
0.00000
0.00000
0.00000
0.00000
0.00000
17.11691
96.89351
223.49725
355.21564
447.89243
478.04590
202.43640
167.74797
278.41684
447.39233
357.92068
305.54703
177.70441
54.47632
7.72875
0.00000
0.00000
0.00000
0.00000
0.00000
0.00000
0.00000
0.00000
0.00000
13.49122
90.13085
195.73059
308.44531
368.76364
421.63739
337.30310
222.73575
120.82990
125.17165
181.85294
145.80058
105.75883
57.69285
11.02483
0.00000
0.00000
0.00000
0.00000
0.00000
0.00000
0.00000
0.00000
0.00000
19.76514
100.97384
219.96248
351.30576
475.52271
425.29718
413.07895
550.01422
509.33597
354.13586
287.86185
244.85361
127.62665
50.70285
9.79733
0.00000
0.00000
0.00000
0.00000
0.00000
0.00000
0.00000
0.00000
0.00000
11.52493
69.79743
213.84769
341.09927
433.29871
454.29138
523.41821
505.27841
549.45728
354.98831
237.92047
156.56401
129.01328
53.13514
11.03618
0.00000
0.00000
0.00000
0.00000
0.00000
0.00000
0.00000
0.00000
0.02271
12.12729
39.16656
115.28339
176.27232
350.71475
359.89835
390.06320
300.75067
396.08704
410.83990
326.27826
184.78531
125.33076
47.14535
8.21747
0.00000
0.00000
0.00000
0.00000
0.00000
0.00000
0.00000
0.00000
0.03410
13.86628
65.97851
195.53735
322.73212
450.06329
388.24466
538.36426
424.19473
334.38208
324.64160
331.23376
278.92828
132.47986
62.34146
15.44611
0.02271
0.00000
0.00000
0.00000
0.00000
0.00000
0.00000
0.00000
0.09090
25.27753
112.14642
235.94281
362.36472
450.84753
548.78668
425.49042
320.54990
310.62753
178.10222
122.61434
102.70144
20.14021
14.18451
5.35330
0.00000
0.00000
0.00000
0.00000
0.00000
0.00000
0.00000
0.00000
0.05681
7.52417
25.90267
83.92513
147.92599
464.72516
548.74127
568.37000
224.05418
96.73439
95.64326
106.47488
70.55892
62.77337
48.37288
12.00229
0.02271
0.00000
0.00000
0.00000
0.00000
0.00000
0.00000
0.00000
0.22729
25.47076
103.46295
210.68799
336.43930
488.78659
580.52008
619.34564
596.13666
127.47890
75.69628
49.08892
71.37726
46.07698
57.01090
12.51375
0.02271
0.00000
0.00000
0.00000
0.00000
0.00000
0.00000
0.00000
0.14774
20.74260
61.03437
98.60974
178.71597
359.96652
409.72604
352.60150
297.06812
360.31885
417.45480
290.68054
56.91996
14.15042
22.57250
6.02385
0.00000
0.00000
0.00000
0.00000
0.00000
0.00000
0.00000
0.00000
0.00000
4.00076
34.79073
81.84518
190.27499
381.26605
494.56042
527.48718
454.59827
356.18170
309.22955
239.28438
112.18052
40.62139
27.72118
11.05892
0.05681
0.00000
0.00000
0.00000
0.00000
0.00000
0.00000
0.00000
0.56826
32.33573
126.17184
231.65791
327.59671
336.71210
280.42859
201.54988
31.73333
55.97660
106.00889
85.11852
23.23170
37.93906
16.29854
0.67056
0.00000
0.00000
0.00000
0.00000
0.00000
0.00000
0.00000
0.00000
0.00000
1.76170
6.05795
69.86562
85.75502
244.13757
243.14874
367.37701
442.63007
563.07355
478.45508
395.38239
265.74396
113.08979
33.34726
13.47983
0.25003
0.00000
0.00000
0.00000
0.00000
0.00000
0.00000
0.00000
0.09090
3.78479
12.97976
35.10896
44.46302
254.52591
407.93024
540.28510
563.25537
486.96805
441.56168
243.64883
52.35090
10.27469
5.89885
0.00000
0.00000
0.00000
0.00000
0.00000
0.00000
0.00000
0.00000
0.00000
0.46597
24.44785
112.30554
190.80919
138.65149
57.42007
63.90993
228.33910
319.98160
428.63876
397.43958
440.82288
359.28458
193.54836
75.32121
24.98205
0.35233
0.00000
0.00000
0.00000
0.00000
0.00000
0.00000
0.00000
0.92062
22.04965
81.67469
188.37691
323.63004
478.61420
501.99368
387.60815
505.33521
415.43167
372.04837
377.40167
351.08981
198.66296
105.57698
24.92521
0.38642
0.00000
0.00000
0.00000
0.00000
0.00000
0.00000
0.00000
0.37507
23.85681
78.81052
184.60345
302.04636
487.62729
548.70715
527.98730
445.50558
355.89758
233.03316
183.87604
118.18166
86.63019
36.04097
6.18299
0.03410
0.00000
0.00000
0.00000
0.00000
0.00000
0.00000
0.00000
1.20476
24.42510
91.83573
184.09200
303.64896
443.13013
454.98468
489.55948
446.28986
342.38361
243.93298
176.22685
157.40508
45.70191
55.43104
12.42281
0.59101
0.00000
0.00000
0.00000
0.00000
0.00000
0.00000
0.00000
0.00000
0.00000
0.00000
0.00000
0.25003
0.00000
9.58135
15.16198
7.53552
40.01899
96.27975
234.01062
205.08466
93.75655
11.97955
0.97747
0.03410
0.00000
0.00000
0.00000
0.00000
0.00000
0.00000
0.00000
1.35253
23.66361
88.52828
183.23956
316.85602
440.08411
414.11322
230.47586
255.23059
127.56982
87.69858
23.39083
0.00000
33.14267
31.19913
6.30802
0.44326
0.00000
0.00000
0.00000
0.00000
0.00000
0.00000
0.00000
2.36406
41.62160
124.56925
197.04901
189.24071
24.85701
328.36960
304.28543
305.67206
322.72076
449.38135
389.97226
323.07312
104.33810
42.84910
13.74125
1.03427
0.00000
0.00000
0.00000
0.00000
0.00000
0.00000
0.00000
3.28472
42.50813
132.47986
247.43364
337.38266
498.62936
604.07001
424.41064
378.31094
335.96194
305.83118
320.57263
205.15285
98.79160
53.86257
26.18681
0.94337
0.00000
0.00000
0.00000
0.00000
0.00000
0.00000
0.00000
2.45500
38.34823
129.55884
294.76086
422.95584
466.63464
576.97388
640.37238
616.20868
466.39597
312.16196
249.72955
102.20134
112.69198
30.88090
11.57038
0.78424
0.00000
0.00000
0.00000
0.00000
0.00000
0.00000
0.00000
4.40993
47.42951
136.26466
263.09573
393.08649
530.76056
624.74445
686.66534
681.45978
588.46472
544.01306
401.40625
300.72791
251.66174
94.44986
12.19549
1.13656
0.00000
0.00000
0.00000
0.00000
0.00000
0.00000
0.00000
2.48910
27.48250
76.28729
176.81789
57.03361
388.65381
287.02075
251.19572
147.88052
271.75647
222.07652
213.37032
160.17833
126.13774
55.73792
25.05024
0.88653
0.00000
0.00000
0.00000
0.00000
0.00000
0.00000
0.00000
0.00000
0.00000
1.63667
30.27851
121.79599
181.10280
247.05858
160.90575
57.10181
32.48347
34.38156
65.80802
17.40104
30.03983
17.08281
6.70580
1.40934
0.00000
0.00000
0.00000
0.00000
0.00000
0.00000
0.00000
3.08014
17.29875
36.01823
75.11663
177.92036
321.24319
229.62344
137.79906
114.13544
77.48070
59.61365
29.26694
26.47097
7.80830
5.42149
10.55882
0.00000
0.00000
0.00000
0.00000
0.00000
0.00000
0.00000
0.00000
1.07976
17.02597
47.70229
247.19496
415.94312
525.19128
605.76349
611.48047
412.78345
234.41978
98.75750
22.31108
5.20552
0.00000
0.00000
0.00000
0.00000
0.00000
0.00000
0.00000
0.00000
0.00000
0.00000
0.00000
0.00000
0.00000
5.93295
0.62510
2.80733
14.87785
63.84174
31.79014
51.62351
148.77843
115.93124
158.15523
109.57776
165.88397
66.68320
26.06181
3.80753
0.00000
0.00000
0.00000
0.00000
0.00000
0.00000
0.00000
4.40993
28.11899
42.07621
16.74184
0.05681
83.03860
92.19942
76.04861
35.26809
127.08109
50.83924
117.36333
246.45618
185.08081
98.22331
35.64316
4.05757
0.00000
0.00000
0.00000
0.00000
0.00000
0.00000
0.00000
6.84222
57.29504
148.24423
270.82449
337.28040
381.55020
464.75928
493.76483
475.09079
455.89395
506.19904
343.02011
319.23145
176.22685
88.33505
33.08587
4.01212
0.00000
0.00000
0.00000
0.00000
0.00000
0.00000
0.00000
7.71736
62.01184
165.98627
293.29468
421.47827
535.48871
624.39209
678.52740
641.40668
644.21405
451.10895
243.75113
84.16380
21.08358
9.86552
0.00000
0.00000
0.00000
0.00000
0.00000
0.00000
0.00000
0.00000
0.00000
0.00000
0.00000
0.00000
2.51184
1.35253
0.21594
26.38004
17.93524
54.55587
87.01662
9.67229
65.70573
0.00000
0.00000
2.86417
2.73913
0.15910
0.00000
0.00000
0.00000
0.00000
0.00000
0.00000
0.00000
4.62587
39.46208
119.02274
207.64194
301.77359
217.59840
226.10002
397.17819
307.07004
141.33382
317.08334
300.92114
189.55894
151.75627
46.92941
31.01729
3.18243
0.00000
0.00000
0.00000
0.00000
0.00000
0.00000
0.00000
1.92080
3.30743
3.23924
12.78653
49.94135
285.45230
305.44473
488.79797
388.76749
434.81039
374.87848
301.54626
291.30566
141.36792
36.42739
3.59160
0.69330
0.00000
0.00000
0.00000
0.00000
0.00000
0.00000
0.00000
0.97747
12.04774
41.74660
53.31701
56.31757
36.93885
16.42358
0.00000
54.41948
258.86765
306.42218
396.01886
236.49974
154.22266
93.34738
48.56608
7.46733
0.00000
0.00000
0.00000
0.00000
0.00000
0.00000
0.00000
9.72913
64.92149
167.45245
291.39661
416.06815
518.47412
543.12653
448.52890
339.14438
260.83395
326.97159
270.98361
226.11139
119.30689
107.39552
38.16639
4.28490
0.00000
0.00000
0.00000
0.00000
0.00000
0.00000
0.00000
0.95472
4.22806
31.99476
21.92462
98.20057
335.10953
437.90189
559.06140
538.29602
535.23871
378.31094
354.52228
275.96185
185.72868
98.85979
38.92788
6.05795
0.00000
0.00000
0.00000
0.00000
0.00000
0.00000
0.00000
9.64955
63.18253
162.36058
283.23593
407.32785
406.16855
382.34579
415.96588
514.28009
399.29224
312.70749
150.68788
186.17195
148.48291
108.24795
23.02712
7.19455
0.00000
0.00000
0.00000
0.00000
0.00000
0.00000
0.00000
10.71795
68.99045
173.47633
300.42105
428.34323
531.81757
594.45453
578.13324
666.49097
660.22845
624.00562
489.04803
431.21878
280.05353
174.84023
65.51250
9.67229
0.00000
0.00000
0.00000
0.00000
0.00000
0.00000
0.00000
8.06972
59.46590
141.99304
259.39047
425.47903
536.63666
630.12042
695.39429
566.19916
584.33893
635.96252
544.41089
425.24036
285.47501
172.22609
63.46667
10.83160
0.00000
0.00000
0.00000
0.00000
0.00000
0.00000
0.00000
10.58156
56.28347
119.30689
246.26297
370.29807
507.23331
598.33026
582.34991
544.67230
437.43588
407.70291
255.98073
180.15942
123.84184
115.99943
39.48479
7.21729
0.00000
0.00000
0.00000
0.00000
0.00000
0.00000
0.00000
8.29701
43.61059
100.51920
185.58092
282.54263
482.27399
521.21326
550.59387
627.92682
625.15363
610.45758
524.37292
305.01285
205.01646
135.59410
57.63601
8.78576
0.00000
0.00000
0.00000
0.00000
0.00000
0.00000
0.00000
10.02462
63.61441
155.74567
203.92532
282.50854
301.23938
195.69649
320.17484
326.13052
400.12192
259.67462
252.54826
135.46906
132.76401
66.86504
16.13944
1.06837
0.00000
0.00000
0.00000
0.00000
0.00000
0.00000
0.00000
2.39816
8.79712
46.41795
134.24156
269.02869
214.93880
243.66020
371.66196
505.67618
400.28104
281.91751
304.21722
191.80937
101.06476
112.88521
58.79531
9.26313
0.00000
0.00000
0.00000
0.00000
0.00000
0.00000
0.00000
6.59215
42.76951
111.90775
195.78741
283.23593
372.67349
308.53625
291.40796
183.43279
141.61797
178.93192
178.57959
84.42522
125.20575
77.54889
42.13306
6.61490
0.00000
0.00000
0.00000
0.00000
0.00000
0.00000
0.00000
4.85319
38.29139
115.32886
229.50975
371.98016
296.18161
472.53351
439.39081
456.56451
386.40341
379.19748
286.88437
225.33853
79.44698
14.08222
2.58003
3.12559
0.00000
0.00000
0.00000
0.00000
0.00000
0.00000
0.00000
11.85451
73.68452
173.69228
301.44397
231.98752
71.21816
50.60056
22.11785
54.43083
55.12417
155.07509
99.66677
196.69669
125.04662
97.53000
40.93962
7.78556
0.00000
0.00000
0.00000
0.00000
0.00000
0.00000
0.00000
10.66111
64.79646
155.66611
250.86610
396.84857
483.21735
613.74231
484.25162
319.16327
348.35065
419.48926
287.33899
318.87912
274.81390
123.84184
54.71500
11.07028
0.00000
0.00000
0.00000
0.00000
0.00000
0.00000
0.00000
11.28625
67.19466
140.60640
240.28455
380.20901
488.86618
519.21283
475.48862
275.01846
81.10639
57.24958
156.15485
253.90080
139.44710
56.38577
22.61795
5.45559
0.00000
0.00000
0.00000
0.00000
0.00000
0.00000
0.00000
11.07028
67.62656
169.94156
291.49890
390.25638
480.92145
531.77209
408.85086
345.31601
317.36746
163.45169
35.42722
90.13085
139.59486
79.66295
11.60448
2.42090
0.00000
0.00000
0.00000
0.00000
0.00000
0.00000
0.00000
4.15986
44.26982
120.05703
129.55884
230.10080
71.62733
117.38606
106.44078
201.02705
166.48636
74.58243
181.42102
80.98139
26.52778
6.52396
1.97764
0.00000
0.00000
0.00000
0.00000
0.00000
0.00000
0.00000
0.00000
0.00000
0.00000
0.00000
0.00000
0.00000
0.00000
50.00955
256.00348
336.89392
307.44513
330.75638
257.17416
320.60675
279.11017
165.13382
62.29597
6.79674
0.02271
0.00000
0.00000
0.00000
0.00000
0.00000
0.00000
0.09090
0.00000
0.02271
18.41260
118.45444
66.54681
262.09555
189.64987
28.08490
3.40972
1.98899
0.00000
0.00000
2.42090
31.01729
16.00306
0.00000
0.00000
0.00000
0.00000
0.00000
0.00000
0.00000
0.00000
0.03410
0.25003
2.14812
1.19340
0.85243
31.01729
20.89035
156.76860
366.80875
364.67197
209.05132
113.86266
150.27872
75.82128
81.61787
22.12920
8.58118
0.00000
0.00000
0.00000
0.00000
0.00000
0.00000
0.00000
12.07049
72.00240
177.51120
302.20547
430.59366
547.85474
627.67682
697.98572
715.62543
677.67499
634.84863
552.20782
442.43683
304.46729
178.22723
77.58298
14.04813
0.02271
0.00000
0.00000
0.00000
0.00000
0.00000
0.00000
7.05816
56.99952
153.01788
223.90642
394.60953
424.47885
542.14911
602.55835
674.78809
628.80200
597.47784
531.20380
432.10532
308.29758
169.45284
74.34375
12.86608
0.02271
0.00000
0.00000
0.00000
0.00000
0.00000
0.00000
11.46809
68.95635
170.64626
292.81732
416.92059
522.09979
554.90155
377.54944
338.88297
364.06958
432.29855
241.60298
287.57767
207.00546
149.46039
72.51385
11.66132
0.02271
0.00000
0.00000
0.00000
0.00000
0.00000
0.00000
11.19531
67.68336
167.80479
289.60080
412.99939
516.64423
610.18481
678.41376
706.11224
688.60889
596.26166
397.81467
204.41406
159.00766
77.74212
68.17212
12.72969
0.02271
0.00000
0.00000
0.00000
0.00000
0.00000
0.00000
10.71795
65.42160
164.58826
284.17929
407.49832
514.63245
578.03094
456.07581
523.11133
552.86700
480.95557
467.04382
404.87283
279.14426
93.26781
41.30333
10.46788
0.02271
0.00000
0.00000
0.00000
0.00000
0.00000
0.00000
10.29740
59.09083
164.12227
281.25830
408.71448
514.66650
592.46552
663.57001
663.66095
641.69086
617.74304
546.58173
439.03848
314.74197
187.41081
78.66274
15.44611
0.02271
0.00000
0.00000
0.00000
0.00000
0.00000
0.00000
12.04774
72.83208
179.05695
305.56976
432.37808
541.95581
639.61090
695.83752
715.39807
698.11072
641.63403
556.64050
442.06177
314.43509
187.14940
80.33354
15.18472
0.02271
0.00000
0.00000
0.00000
0.00000
0.00000
0.00000
10.04736
66.21719
167.32742
303.21704
429.77530
541.64899
633.82568
691.66626
715.75043
692.21179
635.23505
556.10626
450.75659
295.81790
169.91884
77.36705
15.02559
0.02271
0.00000
0.00000
0.00000
0.00000
0.00000
0.00000
10.64976
64.81920
167.54338
295.34052
423.71735
541.08069
640.46332
701.75916
726.83209
712.99988
659.66016
573.95062
459.08774
322.68668
194.21892
84.65253
15.59389
0.02271
0.00000
0.00000
0.00000
0.00000
0.00000
0.00000
10.87708
69.52465
174.79475
301.56900
430.43454
542.04681
633.18915
691.98456
714.17053
691.16620
619.82300
560.12982
444.16446
293.29468
166.98647
67.46743
13.10476
0.02271
0.00000
0.00000
0.00000
0.00000
0.00000
0.00000
7.43323
59.80687
159.70097
287.80499
412.28333
516.74652
597.47784
544.72913
573.84833
621.99390
500.74344
479.18250
337.15533
269.83566
152.44958
70.30889
14.25271
0.02271
0.00000
0.00000
0.00000
0.00000
0.00000
0.00000
9.24038
53.72618
119.90927
191.80937
314.94656
491.16205
566.06274
597.54602
627.39264
556.64050
502.82336
418.27313
283.71329
210.31291
149.40355
53.88528
9.68365
0.00000
0.00000
0.00000
0.00000
0.00000
0.00000
0.00000
8.58118
56.49941
139.76535
257.70834
355.36337
505.46024
602.38782
656.43231
539.46674
451.95001
453.62079
361.70547
315.41257
193.24147
85.92551
42.00802
6.67170
0.00000
0.00000
0.00000
0.00000
0.00000
0.00000
0.00000
7.53552
51.62351
135.81003
220.08752
371.75287
383.31192
440.83423
465.98682
382.52765
364.06958
217.63251
296.79535
204.14128
89.59666
36.64337
14.21861
0.78424
0.00000
0.00000
0.00000
0.00000
0.00000
0.00000
0.00000
3.15969
23.41354
97.17766
171.74873
291.58981
420.83041
525.24811
490.75287
563.42584
502.03912
543.87665
300.75067
91.76753
99.30305
96.27975
44.40622
6.75128
0.00000
0.00000
0.00000
0.00000
0.00000
0.00000
0.00000
3.40972
30.40354
79.94708
150.50603
297.29544
367.91122
241.04608
140.08357
68.75177
129.26334
102.20134
39.41660
33.87011
26.08451
21.67458
33.17677
3.72799
0.00000
0.00000
0.00000
0.00000
0.00000
0.00000
0.00000
1.85260
23.06121
48.12281
93.90430
132.32072
229.00967
167.36153
171.27138
221.62189
221.88332
261.84549
365.92221
168.21396
117.26104
56.74948
10.99073
2.17087
0.00000
0.00000
0.00000
0.00000
0.00000
0.00000
0.00000
0.09090
7.03542
34.19972
194.59401
332.10892
351.20346
390.43826
381.26605
387.32404
360.09155
304.00128
250.52515
66.54681
19.06045
16.88958
16.16215
4.92139
0.00000
0.00000
0.00000
0.00000
0.00000
0.00000
0.00000
3.21653
31.92656
97.13219
193.61655
317.92441
371.25278
423.78555
494.66272
480.00082
541.58075
401.50854
275.04120
105.54288
37.90496
74.75291
17.65108
5.10323
0.00000
0.00000
0.00000
0.00000
0.00000
0.00000
0.00000
0.71604
5.92156
4.30764
0.00000
0.00000
3.31882
129.42245
220.99677
370.74133
504.85785
358.27301
273.52954
269.02869
215.00700
129.24060
51.07792
8.54708
0.00000
0.00000
0.00000
0.00000
0.00000
0.00000
0.00000
5.33056
50.36187
128.63821
240.81876
356.76135
447.14230
554.40143
520.01984
374.00330
355.21564
441.55032
374.11694
319.75430
238.45465
138.45828
59.55684
8.26292
0.00000
0.00000
0.00000
0.00000
0.00000
0.00000
0.00000
4.13715
34.59750
90.73325
156.87088
190.43411
228.24815
303.05792
287.98685
149.40355
245.44464
247.30862
272.07471
228.55504
57.98833
24.12962
6.43302
0.43187
0.00000
0.00000
0.00000
0.00000
0.00000
0.00000
0.00000
4.42128
49.54354
145.52782
269.17645
299.09125
291.68076
368.19537
462.47476
398.79211
399.66730
445.83521
439.69766
102.63325
42.29215
71.28635
20.35615
3.56885
0.00000
0.00000
0.00000
0.00000
0.00000
0.00000
0.00000
4.54632
51.36208
148.83527
269.18781
397.06451
465.38440
512.60931
479.25070
452.45010
386.56250
424.25153
305.74023
306.26309
172.85121
71.53639
27.55069
4.31899
0.00000
0.00000
0.00000
0.00000
0.00000
0.00000
0.00000
1.22750
16.38948
70.39979
190.80919
297.47729
486.89987
540.63745
618.78876
506.63089
404.05447
186.05829
178.20451
54.04441
26.91424
32.77899
18.61719
4.65997
0.00000
0.00000
0.00000
0.00000
0.00000
0.00000
0.00000
2.55729
32.86990
119.56830
208.57394
296.59076
222.41750
278.73508
161.74683
372.28705
243.02371
95.16590
224.42926
216.68913
168.37309
36.77976
8.66073
0.54556
0.00000
0.00000
0.00000
0.00000
0.00000
0.00000
0.00000
2.39816
37.50715
128.05856
250.04778
354.93146
442.82327
418.23901
491.28708
376.04913
321.68649
434.27618
339.80359
175.09027
65.47840
80.35625
35.66590
4.53493
0.00000
0.00000
0.00000
0.00000
0.00000
0.00000
0.00000
2.38681
34.02924
87.73267
74.27556
46.57708
56.56760
37.34802
0.03410
15.57115
134.33249
205.06190
181.28464
176.55646
92.08576
75.16209
21.20858
4.12576
0.00000
0.00000
0.00000
0.00000
0.00000
0.00000
0.00000
0.00000
0.26139
0.00000
0.00000
14.27545
73.80955
141.99304
375.50357
413.37445
346.77084
335.25726
302.95563
228.21407
131.18414
111.30534
22.08375
2.95510
0.00000
0.00000
0.00000
0.00000
0.00000
0.00000
0.00000
1.48892
28.28948
99.89408
209.91512
329.93805
359.23911
511.01813
544.34265
466.03226
350.73749
369.36603
329.74481
225.62265
167.36153
91.07422
43.86066
4.67132
0.00000
0.00000
0.00000
0.00000
0.00000
0.00000
0.00000
1.86399
40.46226
132.32072
234.89716
362.75116
488.41153
416.06815
475.32947
417.44339
415.30664
423.46729
436.98126
310.75256
215.71169
123.02351
52.14632
4.69406
0.00000
0.00000
0.00000
0.00000
0.00000
0.00000
0.00000
1.60257
39.41660
133.15044
238.43193
381.27744
495.78796
578.98566
591.73804
532.19263
432.86679
306.04712
269.08551
229.60069
168.28215
110.82799
47.39542
4.46674
0.00000
0.00000
0.00000
0.00000
0.00000
0.00000
0.00000
1.20476
30.78996
119.37508
221.84921
327.13071
348.97580
335.85965
429.86624
256.41263
370.65039
293.44244
274.70023
175.81769
172.90804
114.91969
25.14115
2.71642
0.00000
0.00000
0.00000
0.00000
0.00000
0.00000
0.00000
0.84104
30.27851
100.48511
214.75694
338.50787
329.91531
423.85376
508.01758
523.65692
470.79453
447.85834
346.11160
294.36307
196.16248
116.94279
23.28854
1.60257
0.00000
0.00000
0.00000
0.00000
0.00000
0.00000
0.00000
0.76149
32.08566
110.20287
236.03375
352.02182
472.27209
520.78137
560.33435
611.94653
509.59738
437.29947
316.01492
278.88284
183.72829
91.23333
27.82347
1.82990
0.00000
0.00000
0.00000
0.00000
0.00000
0.00000
0.00000
0.43187
19.64010
103.99714
190.11588
288.19144
469.88528
470.43085
385.63052
482.77411
555.35614
457.95117
207.78970
65.19427
27.03924
64.25090
25.18663
0.43187
0.00000
0.00000
0.00000
0.00000
0.00000
0.00000
0.00000
0.34097
25.81174
111.12350
240.90967
357.64789
334.40482
469.72614
312.82114
57.38597
31.73333
34.66570
93.27918
53.22608
70.80899
70.86580
25.02750
1.72760
0.00000
0.00000
0.00000
0.00000
0.00000
0.00000
0.00000
0.50007
32.14250
122.11423
245.06955
372.70761
460.31525
470.19214
402.61105
339.80359
297.77283
155.30240
189.96812
200.86794
187.34262
96.14337
30.13076
1.86399
0.00000
0.00000
0.00000
0.00000
0.00000
0.00000
0.00000
0.22729
9.74049
45.56552
133.65054
205.26649
276.97339
374.78754
415.77264
320.20892
98.09828
53.19198
6.33073
25.18663
26.73236
19.03771
2.52319
0.00000
0.00000
0.00000
0.00000
0.00000
0.00000
0.00000
0.00000
0.18184
16.21899
69.88834
150.69925
269.05142
169.45284
277.43936
227.36163
204.98235
146.49391
175.40852
281.37195
211.29037
215.71169
122.01195
37.17754
1.32979
0.00000
0.00000
0.00000
0.00000
0.00000
0.00000
0.00000
0.12500
21.27677
109.45273
226.14549
343.71341
452.77972
525.53223
585.54376
522.55444
488.88889
533.40875
489.99139
328.52869
241.15973
117.92026
29.01691
0.44326
0.00000
0.00000
0.00000
0.00000
0.00000
0.00000
0.00000
0.03410
12.91156
60.95483
109.35043
176.99973
265.91446
375.35583
380.73184
536.69348
483.16052
437.93597
165.37250
105.03143
45.78146
40.92826
7.49007
0.09090
0.00000
0.00000
0.00000
0.00000
0.00000
0.00000
0.00000
0.05681
20.73121
90.82417
197.56049
305.49020
454.04132
530.29449
365.61536
377.56079
224.94070
203.19792
157.06410
126.59236
44.72445
68.34261
22.87938
0.43187
0.00000
0.00000
0.00000
0.00000
0.00000
0.00000
0.00000
0.02271
9.76323
49.13438
113.53306
208.28981
435.25363
563.80096
526.20282
556.60638
506.59680
488.69571
452.27963
331.09735
201.79993
96.37067
27.18701
0.38642
0.00000
0.00000
0.00000
0.00000
0.00000
0.00000
0.00000
0.02271
19.57191
84.19790
206.44855
333.34781
317.90167
491.00293
576.68982
537.88690
502.65289
453.68900
257.43555
267.51703
174.11281
77.56028
13.61622
0.25003
0.00000
0.00000
0.00000
0.00000
0.00000
0.00000
0.00000
0.00000
17.35559
81.20869
199.25400
271.30185
414.46558
442.75507
463.32718
522.77032
442.69827
401.12213
271.71100
87.28939
32.17660
10.83160
0.00000
0.00000
0.00000
0.00000
0.00000
0.00000
0.00000
0.00000
0.00000
0.00000
0.59101
13.96858
20.23111
46.79302
89.74441
133.52550
197.11720
164.14500
177.89763
84.28882
159.70097
123.94413
132.91176
68.66084
19.07181
0.06819
0.00000
0.00000
0.00000
0.00000
0.00000
0.00000
0.00000
0.00000
0.00000
2.27316
2.86417
0.00000
5.10323
9.17219
42.86045
32.55167
8.41069
0.00000
58.96580
52.14632
47.64545
8.66073
4.00076
0.02271
0.00000
0.00000
0.00000
0.00000
0.00000
0.00000
0.00000
0.00000
0.00000
30.91500
74.29830
65.23972
190.91147
138.65149
115.97670
169.94156
111.12350
162.32648
158.91673
71.16132
37.72313
9.61545
0.30687
0.02271
0.00000
0.00000
0.00000
0.00000
0.00000
0.00000
0.00000
0.00000
14.17316
84.69801
203.07291
330.40405
444.45993
538.52338
603.18347
643.94122
587.08942
472.81763
469.65796
284.90671
212.81340
104.08807
22.18604
0.02271
0.00000
0.00000
0.00000
0.00000
0.00000
0.00000
0.00000
0.00000
12.44556
73.52541
173.06715
260.76575
429.26385
533.77246
598.36438
621.08459
598.04608
550.82117
456.56451
348.03244
221.53098
101.88311
20.67441
0.02271
0.00000
0.00000
0.00000
0.00000
0.00000
0.00000
0.00000
0.00000
9.01309
62.71653
166.96371
273.06354
360.13702
333.59784
403.32709
433.90112
430.58231
207.78970
231.36240
135.46906
114.11271
40.08719
8.91080
0.00000
0.00000
0.00000
0.00000
0.00000
0.00000
0.00000
0.00000
0.00000
11.28625
78.41271
190.55914
319.64062
435.15137
527.71454
553.86725
553.95813
512.48431
387.85822
308.92267
259.41321
137.01482
69.63830
12.94566
0.00000
0.00000
0.00000
0.00000
0.00000
0.00000
0.00000
0.00000
0.00000
4.28490
42.89455
172.12379
306.20624
408.37350
502.90292
589.38544
603.66083
553.29895
464.52060
403.29300
276.80289
174.18100
79.10601
13.65031
0.00000
0.00000
0.00000
0.00000
0.00000
0.00000
0.00000
0.00000
0.00000
9.10399
72.25243
182.79628
306.14941
416.03406
505.80121
556.16315
588.63519
533.72699
481.35336
412.88574
302.96698
198.74252
86.82340
13.83219
0.00000
0.00000
0.00000
0.00000
0.00000
0.00000
0.00000
0.00000
0.00000
7.97878
68.54719
173.41949
296.49985
354.42001
509.09729
570.57495
607.43433
593.53387
541.00110
445.86929
327.63080
193.96889
79.15149
11.59313
0.00000
0.00000
0.00000
0.00000
0.00000
0.00000
0.00000
0.00000
0.00000
5.89885
65.11472
168.33897
298.57980
397.12137
495.69702
570.04077
587.86237
534.32935
497.47006
424.81982
333.14319
194.91225
69.33142
8.09243
0.00000
0.00000
0.00000
0.00000
0.00000
0.00000
0.00000
0.00000
0.00000
1.28434
31.89247
92.36991
177.10204
60.38653
61.73906
36.42739
133.95741
148.48291
166.54320
98.92799
109.00946
30.11938
4.25080
0.00000
0.00000
0.00000
0.00000
0.00000
0.00000
0.00000
0.00000
0.00000
0.00000
5.85337
64.76236
154.89323
233.79469
240.79601
160.81482
66.20583
142.78865
15.40066
5.93295
0.02271
0.00000
0.09090
1.04566
0.09090
0.00000
0.00000
0.00000
0.00000
0.00000
0.00000
0.00000
0.00000
0.00000
1.53437
19.62875
76.95789
161.15579
232.12390
333.88199
371.11639
171.27138
172.60117
37.09798
41.15559
23.62951
15.23017
9.44497
2.14812
0.00000
0.00000
0.00000
0.00000
0.00000
0.00000
0.00000
0.00000
0.00000
0.00000
5.13733
27.98260
38.95063
172.56706
225.90680
411.07858
405.47522
262.69794
137.13985
124.13736
86.84613
48.83886
19.73104
1.76170
0.00000
0.00000
0.00000
0.00000
0.00000
0.00000
0.00000
0.00000
0.00000
1.76170
39.22340
93.37010
211.00623
288.81656
409.12366
479.12567
515.83722
451.87045
348.37341
223.13354
128.67230
100.48511
48.08871
3.02330
0.00000
0.00000
0.00000
0.00000
0.00000
0.00000
0.00000
0.00000
0.00000
2.38681
49.62312
155.13191
261.49316
402.67923
499.78873
558.77728
581.81573
567.17657
504.24411
412.71524
294.27216
169.79381
61.19351
4.59177
0.00000
0.00000
0.00000
0.00000
0.00000
0.00000
0.00000
0.00000
0.00000
2.70503
49.70267
141.65207
262.62973
380.77731
476.28421
504.83514
423.69461
440.57285
341.19022
299.48907
219.30327
128.97919
42.36035
3.39837
0.00000
0.00000
0.00000
0.00000
0.00000
0.00000
0.00000
0.00000
0.00000
2.05719
49.50945
148.00555
264.58466
329.81302
469.16925
488.37744
552.00323
428.16138
285.50909
239.05705
168.33897
83.75464
23.98184
1.61392
0.00000
0.00000
0.00000
0.00000
0.00000
0.00000
0.00000
0.00000
0.00000
1.69351
40.72368
140.08357
230.88504
343.29288
402.36096
397.33728
392.21133
233.45372
188.46783
98.81432
65.85347
27.28930
10.17240
0.02271
0.00000
0.00000
0.00000
0.00000
0.00000
0.00000
0.00000
0.00000
0.00000
0.75014
13.99128
80.90180
133.42322
306.59268
406.29355
439.25439
451.46127
425.26309
339.46262
199.23125
135.50316
51.71441
3.28472
0.00000
0.00000
0.00000
0.00000
0.00000
0.00000
0.00000
0.00000
0.00000
0.00000
0.81833
24.44785
81.35644
151.54031
234.63574
276.74606
334.27979
309.86603
321.47052
279.33746
235.40862
206.22124
72.79799
28.11899
0.75014
0.00000
0.00000
0.00000
0.00000
0.00000
0.00000
0.00000
0.00000
0.00000
0.46597
26.13000
85.01624
153.90440
265.90308
423.28546
459.23547
521.31555
490.71878
433.52603
334.66626
192.95732
97.47316
25.47076
0.69330
0.00000
0.00000
0.00000
0.00000
0.00000
0.00000
0.00000
0.00000
0.00000
0.47736
28.11899
115.07880
193.86659
134.04834
228.69142
210.75618
165.41797
101.78082
88.48281
60.03420
32.33573
10.70660
1.20476
0.00000
0.00000
0.00000
0.00000
0.00000
0.00000
0.00000
0.00000
0.00000
0.00000
0.43187
23.95910
73.22990
126.75150
278.89420
297.81827
242.98962
290.68054
260.74301
302.36462
233.81741
161.12170
88.36915
30.73313
0.37507
0.00000
0.00000
0.00000
0.00000
0.00000
0.00000
0.00000
0.00000
0.00000
0.06819
11.47944
35.13170
131.88884
201.01567
301.13708
374.68524
260.26566
214.85924
226.66832
189.08157
67.75156
58.11337
19.98108
0.14774
0.00000
0.00000
0.00000
0.00000
0.00000
0.00000
0.00000
0.00000
0.00000
0.22729
32.42663
127.27432
250.74110
262.12964
310.36615
334.70035
450.52930
341.44025
112.03276
77.54889
63.27344
31.25597
17.01462
0.09090
0.00000
0.00000
0.00000
0.00000
0.00000
0.00000
0.00000
0.00000
0.00000
0.14774
29.91479
128.21767
255.23059
385.02814
476.40924
430.21857
396.15524
224.65656
128.41090
117.24967
142.87956
69.35416
22.53840
0.06819
0.00000
0.00000
0.00000
0.00000
0.00000
0.00000
0.00000
0.00000
0.00000
0.05681
20.12882
81.83382
180.97777
172.68073
195.71922
277.74625
243.87614
199.92456
104.56544
71.43410
47.98642
28.20993
4.67132
0.00000
0.00000
0.00000
0.00000
0.00000
0.00000
0.00000
0.00000
0.00000
0.00000
0.00000
4.94413
34.97257
60.84118
115.84031
108.06609
27.60753
15.71889
1.57983
8.09243
2.13677
12.25233
1.61392
0.94337
0.00000
0.00000
0.00000
0.00000
0.00000
0.00000
0.00000
0.00000
0.00000
0.00000
0.00000
2.01174
26.91424
88.77831
131.28644
128.37680
85.51633
40.23497
14.36635
2.77323
0.00000
3.15969
2.52319
0.28413
0.00000
0.00000
0.00000
0.00000
0.00000
0.00000
0.00000
0.00000
0.00000
0.00000
0.00000
4.56903
19.07181
22.81118
33.46094
67.27420
175.89723
210.02876
99.07574
124.05779
182.77356
119.28415
71.80917
13.38892
0.00000
0.00000
0.00000
0.00000
0.00000
0.00000
0.00000
0.00000
0.00000
0.00000
0.00000
20.28795
111.21442
235.77232
343.57703
311.30951
34.98396
14.80965
58.01108
27.89167
40.43955
29.21010
5.31920
0.79559
0.00000
0.00000
0.00000
0.00000
0.00000
0.00000
0.00000
0.00000
0.00000
0.00000
0.00000
15.15063
69.42236
149.39218
332.87042
421.11459
493.27612
306.17215
389.08572
370.75269
311.96872
200.67470
89.68758
16.23035
0.00000
0.00000
0.00000
0.00000
0.00000
0.00000
0.00000
0.00000
0.00000
0.00000
0.00000
14.53687
60.25014
127.02427
232.28302
283.11093
280.97415
266.18723
235.16994
213.56354
94.40440
27.92576
11.68403
0.09090
0.00000
0.00000
0.00000
0.00000
0.00000
0.00000
0.00000
0.00000
0.00000
0.00000
0.00000
0.00000
0.00000
0.14774
91.60841
149.14214
282.15619
353.29480
250.50241
259.07224
80.77680
25.99358
11.53628
0.00000
0.00000
0.00000
0.00000
0.00000
0.00000
0.00000
0.00000
0.00000
0.00000
0.00000
0.00000
12.32052
72.00240
165.57710
63.65990
11.93410
134.15062
78.21948
50.63465
0.51146
0.00000
0.00000
0.00000
0.00000
0.00000
0.00000
0.00000
0.00000
0.00000
0.00000
0.00000
0.00000
0.00000
0.00000
0.00000
0.00000
0.38642
6.68309
12.74108
19.50372
13.68441
15.66208
2.92101
0.72740
0.02271
0.46597
0.84104
0.00000
0.00000
0.00000
0.00000
0.00000
0.00000
0.00000
0.00000
0.00000
0.00000
0.00000
0.00000
0.95472
9.31997
17.63972
8.26292
9.60410
10.01326
7.18319
24.30010
34.54070
16.00306
26.52778
6.84222
1.47753
0.00000
0.00000
0.00000
0.00000
0.00000
0.00000
0.00000
0.00000
0.00000
0.00000
0.00000
1.64802
4.65997
19.92424
77.27611
126.89925
114.02179
118.89771
200.49286
55.61288
38.32549
11.53628
6.91042
0.00000
0.00000
0.00000
0.00000
0.00000
0.00000
0.00000
0.00000
0.00000
0.00000
0.00000
0.00000
11.14986
83.62962
194.94633
304.25131
393.15469
432.16214
358.93222
316.23090
277.90540
202.61827
120.59122
54.71500
4.09167
0.00000
0.00000
0.00000
0.00000
0.00000
0.00000
0.00000
0.00000
0.00000
0.00000
0.00000
5.23962
38.47326
63.11434
175.43124
167.48654
154.89323
102.44002
30.69903
0.00000
0.00000
0.00000
0.00000
0.00000
0.00000
0.00000
0.00000
0.00000
0.00000
0.00000
0.00000
0.00000
0.00000
0.00000
0.00000
4.15986
16.42358
9.27448
0.00000
1.23885
0.00000
0.00000
4.70542
11.87726
1.53437
0.19319
0.50007
0.00000
0.00000
0.00000
0.00000
0.00000
0.00000
0.00000
0.00000
0.00000
0.00000
0.00000
0.00000
0.02271
0.00000
72.28653
45.70191
61.64812
46.06562
0.03410
28.26677
11.24076
61.54583
52.96465
37.72313
1.81851
0.00000
0.00000
0.00000
0.00000
0.00000
0.00000
0.00000
0.00000
0.00000
0.00000
0.00000
1.56847
13.63896
35.25674
60.97757
61.92090
119.61377
115.73802
44.62215
14.94604
0.54556
0.00000
0.00000
0.00000
0.00000
0.00000
0.00000
0.00000
0.00000
0.00000
0.00000
0.00000
0.00000
0.00000
0.00000
3.61431
48.28194
121.61415
43.57649
36.68882
50.98701
52.22587
24.55014
0.30687
3.90983
11.43399
7.53552
0.15910
0.00000
0.00000
0.00000
0.00000
0.00000
0.00000
0.00000
0.00000
0.00000
0.00000
0.00000
0.72740
9.10399
17.79885
52.27135
80.77680
66.26264
91.55158
49.44125
21.14038
3.09149
1.23885
0.12500
0.00000
0.00000
0.00000
0.00000
0.00000
0.00000
0.00000
0.00000
0.00000
0.00000
0.00000
0.00000
0.00000
0.00000
0.00000
0.00000
0.00000
0.00000
0.00000
0.00000
0.00000
0.00000
0.00000
0.00000
0.00000
0.00000
0.00000
0.00000
0.00000
0.00000
0.00000
0.00000
0.00000
0.00000
0.00000
0.00000
0.00000
0.10229
0.22729
0.00000
2.83007
26.03906
47.46361
53.41930
18.49215
11.34306
5.92156
0.18184
0.00000
0.00000
0.00000
0.00000
0.00000
0.00000
0.00000
0.00000
0.00000
0.00000
0.00000
0.00000
0.15910
7.75146
8.69483
29.01691
95.76830
209.15361
198.27654
172.91940
211.47223
96.30248
52.43045
14.25271
0.06819
0.00000
0.00000
0.00000
0.00000
0.00000
0.00000
0.00000
0.00000
0.00000
0.00000
0.00000
1.69351
33.18816
45.65646
56.21528
129.77480
149.36945
169.66878
181.72791
63.69399
29.30104
24.61833
4.26215
0.00000
0.00000
0.00000
0.00000
0.00000
0.00000
0.00000
0.00000
0.00000
0.00000
0.00000
0.00000
0.00000
0.00000
0.02271
0.37507
0.00000
2.39816
0.00000
0.46597
3.27333
0.21594
0.00000
0.00000
0.00000
0.00000
0.00000
0.00000
0.00000
0.00000
0.00000
0.00000
0.00000
0.00000
0.00000
0.00000
0.09090
0.00000
0.00000
13.58212
41.46246
8.34250
20.89035
0.00000
0.00000
0.02271
10.83160
4.72816
0.00000
0.00000
0.00000
0.00000
0.00000
0.00000
0.00000
0.00000
0.00000
0.00000
0.00000
0.00000
0.06819
2.46635
0.22729
115.30613
196.03746
200.03822
165.28159
37.68903
0.60236
8.05833
2.68233
0.00000
0.00000
0.00000
0.00000
0.00000
0.00000
0.00000
0.00000
0.00000
0.00000
0.00000
0.00000
0.00000
0.00000
0.67056
2.10267
10.21785
12.12729
6.50122
44.24708
116.78368
91.75616
92.92684
49.10028
4.69406
0.00000
0.00000
0.00000
0.00000
0.00000
0.00000
0.00000
0.00000
0.00000
0.00000
0.00000
0.00000
0.03410
3.02330
2.30726
8.58118
22.22014
40.17812
49.16847
76.98062
69.20639
6.14889
0.35233
0.00000
0.00000
0.00000
0.00000
0.00000
0.00000
0.00000
0.00000
0.00000
0.00000
0.00000
0.00000
0.00000
0.00000
3.81889
5.19417
2.30726
0.00000
0.00000
3.81889
18.29892
15.41201
17.48059
17.33285
4.65997
0.00000
0.00000
0.00000
0.00000
0.00000
0.00000
0.00000
0.00000
0.00000
0.00000
0.00000
0.00000
0.09090
17.58288
46.84986
63.20524
120.78445
109.65731
71.93420
56.65854
42.50813
18.93542
1.98899
3.09149
0.00000
0.00000
0.00000
0.00000
0.00000
0.00000
0.00000
0.00000
0.00000
0.00000
0.00000
0.00000
0.00000
0.02271
16.37812
8.00153
33.38136
34.91576
46.72483
26.59597
11.00208
5.89885
8.05833
5.08052
0.00000
0.00000
0.00000
0.00000
0.00000
0.00000
0.00000
0.00000
0.00000
0.00000
0.00000
0.00000
0.00000
0.00000
0.00000
0.40917
0.00000
0.37507
0.00000
9.88823
16.53726
23.09531
18.12844
4.03486
0.00000
0.00000
0.00000
0.00000
0.00000
0.00000
0.00000
0.00000
0.00000
0.00000
0.00000
0.00000
0.00000
0.59101
8.41069
75.11663
105.47469
96.15474
68.95635
21.11767
23.69771
41.24649
18.34441
4.10306
0.00000
0.00000
0.00000
0.00000
0.00000
0.00000
0.00000
0.00000
0.00000
0.00000
0.00000
0.00000
0.02271
16.23035
80.49264
95.95014
180.22762
198.52658
182.39848
227.64577
209.63097
161.08760
67.47878
6.13753
0.00000
0.00000
0.00000
0.00000
0.00000
0.00000
0.00000
0.00000
0.00000
0.00000
0.00000
0.00000
0.00000
5.51240
29.24420
73.01396
190.45683
297.92056
213.65446
125.63764
64.85330
28.24403
4.69406
0.28413
0.00000
0.00000
0.00000
0.00000
0.00000
0.00000
0.00000
0.00000
0.00000
0.00000
0.00000
0.00000
0.00000
10.86569
79.19695
146.31204
154.27948
205.43698
253.80986
249.10442
204.00490
148.92618
57.01090
4.85319
0.00000
0.00000
0.00000
0.00000
0.00000
0.00000
0.00000
0.00000
0.00000
0.00000
0.00000
0.00000
0.00000
20.45844
107.08865
188.86565
309.65005
363.30804
360.34158
315.84445
250.45694
160.67844
60.78434
3.87573
0.00000
0.00000
0.00000
0.00000
0.00000
0.00000
0.00000
0.00000
0.00000
0.00000
0.00000
0.00000
0.00000
19.02635
79.03781
184.31931
267.44882
308.16119
254.27586
225.40672
142.85684
43.76972
5.79656
0.03410
0.00000
0.00000
0.00000
0.00000
0.00000
0.00000
0.00000
0.00000
0.00000
0.00000
0.00000
0.00000
0.00000
7.12635
11.50219
114.96514
137.08301
134.43477
155.01826
129.44519
121.77326
98.43925
42.84910
1.40934
0.00000
0.00000
0.00000
0.00000
0.00000
0.00000
0.00000
0.00000
0.00000
0.00000
0.00000
0.00000
0.00000
6.70580
43.38326
53.13514
49.90726
111.00984
153.65436
77.27611
18.81042
36.96160
11.96819
0.79559
0.00000
0.00000
0.00000
0.00000
0.00000
0.00000
0.00000
0.00000
0.00000
0.00000
0.00000
0.00000
0.00000
9.95642
41.30333
105.13371
126.87651
141.83392
98.70068
121.58006
84.10698
49.28215
14.40045
0.51146
0.00000
0.00000
0.00000
0.00000
0.00000
0.00000
0.00000
0.00000
0.00000
0.00000
0.00000
0.00000
0.00000
11.96819
77.40115
157.71194
241.88713
291.98764
301.70538
272.81351
209.34682
122.95531
38.72330
0.87514
0.00000
0.00000
0.00000
0.00000
0.00000
0.00000
0.00000
0.00000
0.00000
0.00000
0.00000
0.00000
0.00000
1.82990
20.90170
44.07660
18.71948
11.30896
9.36542
15.03694
45.94059
83.43639
22.28833
0.30687
0.00000
0.00000
0.00000
0.00000
0.00000
0.00000
0.00000
0.00000
0.00000
0.00000
0.00000
0.00000
0.00000
0.00000
0.38642
0.02271
0.00000
0.02271
0.00000
0.00000
0.00000
0.00000
1.60257
0.05681
0.00000
0.00000
0.00000
0.00000
0.00000
0.00000
0.00000
0.00000
0.00000
0.00000
0.00000
0.00000
0.00000
0.00000
0.00000
27.38021
68.17212
89.75578
41.87163
62.71653
30.66493
35.99552
10.66111
0.06819
0.00000
0.00000
0.00000
0.00000
0.00000
0.00000
0.00000
0.00000
0.00000
0.00000
0.00000
0.00000
0.00000
0.76149
15.46885
4.42128
38.16639
115.71529
89.61939
47.27038
16.28719
0.00000
1.57983
0.03410
0.00000
0.00000
0.00000
0.00000
0.00000
0.00000
0.00000
0.00000
0.00000
0.00000
0.00000
0.00000
0.00000
0.19319
5.67153
7.55826
9.67229
31.16504
22.47021
7.39913
8.38795
1.10247
0.00000
0.00000
0.00000
0.00000
0.00000
0.00000
0.00000
0.00000
0.00000
0.00000
0.00000
0.00000
0.00000
0.00000
0.00000
0.02271
0.18184
3.69389
3.40972
6.98997
17.61698
34.59750
16.00306
6.20573
3.20514
0.00000
0.00000
0.00000
0.00000
0.00000
0.00000
0.00000
0.00000
0.00000
0.00000
0.00000
0.00000
0.00000
0.00000
1.85260
7.49007
18.69674
7.41049
0.00000
0.75014
0.62510
0.00000
0.00000
0.02271
0.00000
0.00000
0.00000
0.00000
0.00000
0.00000
0.00000
0.00000
0.00000
0.00000
0.00000
0.00000
0.00000
0.00000
0.00000
0.05681
0.92062
25.01615
18.18528
19.98108
54.61271
61.86410
33.88146
9.96781
0.00000
0.00000
0.00000
0.00000
0.00000
0.00000
0.00000
0.00000
0.00000
0.00000
0.00000
0.00000
0.00000
0.00000
3.21653
46.57708
135.03717
211.42677
255.16240
260.89078
240.72781
165.06563
78.69684
17.33285
0.00000
0.00000
0.00000
0.00000
0.00000
0.00000
0.00000
0.00000
0.00000
0.00000
0.00000
0.00000
0.00000
0.00000
1.28434
24.19781
61.73906
153.42705
168.21396
135.92369
106.52035
23.87955
6.29663
1.85260
0.00000
0.00000
0.00000
0.00000
0.00000
0.00000
0.00000
0.00000
0.00000
0.00000
0.00000
0.00000
0.00000
0.00000
0.00000
0.00000
0.38642
1.92080
3.71660
9.35406
4.40993
0.00000
3.94392
3.25062
0.00000
0.00000
0.00000
0.00000
0.00000
0.00000
0.00000
0.00000
0.00000
0.00000
0.00000
0.00000
0.00000
0.00000
0.02271
0.00000
0.71604
3.72799
9.95642
12.34326
8.75167
0.14774
0.43187
0.00000
0.00000
0.00000
0.00000
0.00000
0.00000
0.00000
0.00000
0.00000
0.00000
0.00000
0.00000
0.00000
0.00000
0.00000
0.00000
0.00000
0.00000
0.00000
0.69330
0.02271
0.05681
0.00000
0.00000
0.00000
0.00000
0.00000
0.00000
0.00000
0.00000
0.00000
0.00000
0.00000
0.00000
0.00000
0.00000
0.00000
0.00000
0.00000
0.00000
6.98997
20.54938
75.94632
90.98328
46.39521
45.95195
74.62788
19.82195
3.21653
0.00000
0.00000
0.00000
0.00000
0.00000
0.00000
0.00000
0.00000
0.00000
0.00000
0.00000
0.00000
0.00000
0.00000
0.00000
0.05681
3.21653
23.76590
66.62635
23.91365
15.18472
6.27392
1.13656
0.46597
0.00000
0.00000
0.00000
0.00000
0.00000
0.00000
0.00000
0.00000
0.00000
0.00000
0.00000
0.00000
0.00000
0.00000
0.06819
6.04660
2.39816
7.30819
8.25156
6.27392
4.10306
0.00000
1.15931
0.00000
0.00000
0.00000
0.00000
0.00000
0.00000
0.00000
0.00000
0.00000
0.00000
0.00000
0.00000
0.00000
0.00000
0.00000
0.02271
4.92139
3.50066
10.43378
18.69674
13.93448
12.60469
22.43611
5.08052
2.10267
0.00000
0.00000
0.00000
0.00000
0.00000
0.00000
0.00000
0.00000
0.00000
0.00000
0.00000
0.00000
0.00000
0.00000
0.00000
3.23924
10.11556
13.45712
7.88785
19.79924
7.12635
2.75052
2.52319
0.12500
0.00000
0.00000
0.00000
0.00000
0.00000
0.00000
0.00000
0.00000
0.00000
0.00000
0.00000
0.00000
0.00000
0.00000
0.00000
0.63646
3.21653
1.56847
11.75222
4.47813
5.52378
0.26139
1.67076
0.02271
0.00000
0.00000
0.00000
0.00000
0.00000
0.00000
0.00000
0.00000
0.00000
0.00000
0.00000
0.00000
0.00000
0.00000
0.00000
7.18319
12.74108
16.03715
8.13792
25.68670
10.45653
5.29646
1.06837
0.00000
0.00000
0.00000
0.00000
0.00000
0.00000
0.00000
0.00000
0.00000
0.00000
0.00000
0.00000
0.00000
0.00000
0.00000
0.00000
0.00000
2.62549
2.51184
6.11479
5.85337
3.40972
3.18243
1.22750
0.00000
0.00000
0.00000
0.00000
0.00000
0.00000
0.00000
0.00000
0.00000
0.00000
0.00000
0.00000
0.00000
0.00000
0.00000
0.00000
0.02271
0.00000
0.19319
1.03427
0.26139
0.54556
0.00000
0.44326
0.00000
0.00000
0.00000
0.00000
0.00000
0.00000
0.00000
0.00000
0.00000
0.00000
0.00000
0.00000
0.00000
0.00000
0.00000
0.00000
0.00000
0.00000
0.02271
0.18184
0.00000
0.00000
0.00000
0.00000
0.00000
0.00000
0.00000
0.00000
0.00000
0.00000
0.00000
0.00000
0.00000
0.00000
0.00000
0.00000
0.00000
0.00000
0.00000
0.00000
0.31823
0.85243
1.86399
0.00000
2.45500
0.02271
0.03410
0.06819
0.03410
0.00000
0.00000
0.00000
0.00000
0.00000
0.00000
0.00000
0.00000
0.00000
0.00000
0.00000
0.00000
0.00000
0.00000
0.00000
0.19319
26.65281
13.49122
1.23885
1.86399
0.00000
0.71604
0.05681
0.00000
0.00000
0.00000
0.00000
0.00000
0.00000
0.00000
0.00000
0.00000
0.00000
0.00000
0.00000
0.00000
0.00000
0.00000
0.00000
0.00000
0.00000
0.72740
0.37507
0.00000
0.00000
0.00000
0.00000
0.00000
0.00000
0.00000
0.00000
0.00000
0.00000
0.00000
0.00000
0.00000
0.00000
0.00000
0.00000
0.00000
0.00000
0.00000
0.00000
0.00000
0.00000
0.09090
0.06819
0.00000
0.09090
0.00000
0.00000
0.00000
0.00000
0.00000
0.00000
0.00000
0.00000
0.00000
0.00000
0.00000
0.00000
0.00000
0.00000
0.00000
0.00000
0.00000
0.00000
4.22806
34.84757
101.56486
122.01195
99.90545
98.38243
52.22587
8.94490
0.02271
0.00000
0.00000
0.00000
0.00000
0.00000
0.00000
0.00000
0.00000
0.00000
0.00000
0.00000
0.00000
0.00000
0.00000
0.00000
6.34212
22.53840
36.20010
53.15788
72.38882
54.82865
15.92347
13.88899
0.40917
0.00000
0.00000
0.00000
0.00000
0.00000
0.00000
0.00000
0.00000
0.00000
0.00000
0.00000
0.00000
0.00000
0.00000
0.00000
0.44326
0.00000
5.41010
23.51583
14.02538
3.48931
0.53417
0.00000
0.00000
0.00000
0.00000
0.00000
0.00000
0.00000
0.00000
0.00000
0.00000
0.00000
0.00000
0.00000
0.00000
0.00000
0.00000
0.00000
4.85319
30.56264
72.19559
117.06781
123.71682
111.05531
71.44545
22.09510
0.25003
0.00000
0.00000
0.00000
0.00000
0.00000
0.00000
0.00000
0.00000
0.00000
0.00000
0.00000
0.00000
0.00000
0.00000
0.00000
0.18184
1.95490
18.75358
61.26170
59.11357
50.80514
57.28368
13.84354
0.03410
0.00000
0.00000
0.00000
0.00000
0.00000
0.00000
0.00000
0.00000
0.00000
0.00000
0.00000
0.00000
0.00000
0.00000
0.00000
0.02271
2.46635
4.95549
9.10399
6.93313
1.88670
0.30687
0.63646
0.00000
0.00000
0.00000
0.00000
0.00000
0.00000
0.00000
0.00000
0.00000
0.00000
0.00000
0.00000
0.00000
0.00000
0.00000
0.00000
0.54556
17.67382
37.63219
29.86934
7.12635
1.86399
0.53417
0.00000
0.00000
0.00000
0.00000
0.00000
0.00000
0.00000
0.00000
0.00000
0.00000
0.00000
0.00000
0.00000
0.00000
0.00000
0.00000
0.00000
0.25003
11.82042
18.06024
6.93313
11.44535
8.50160
3.62569
3.94392
0.00000
0.00000
0.00000
0.00000
0.00000
0.00000
0.00000
0.00000
0.00000
0.00000
0.00000
0.00000
0.00000
0.00000
0.00000
0.00000
0.00000
0.19319
1.26160
3.52340
9.22903
1.81851
3.31882
1.36389
0.00000
0.00000
0.00000
0.00000
0.00000
0.00000
0.00000
0.00000
0.00000
0.00000
0.00000
0.00000
0.00000
0.00000
0.00000
0.00000
0.00000
0.00000
0.00000
0.00000
0.00000
0.00000
0.00000
0.00000
0.00000
0.00000
0.00000
0.00000
0.00000
0.00000
0.00000
0.00000
0.00000
0.00000
0.00000
0.00000
0.00000
0.00000
0.00000
0.00000
0.00000
0.00000
0.00000
0.00000
0.00000
0.00000
0.14774
0.00000
0.00000
0.00000
0.00000
0.00000
0.00000
0.00000
0.00000
0.00000
0.00000
0.00000
0.00000
0.00000
0.00000
0.00000
0.00000
0.00000
0.25003
0.06819
0.25003
4.30764
2.20497
2.46635
0.26139
0.00000
0.00000
0.00000
0.00000
0.00000
0.00000
0.00000
0.00000
0.00000
0.00000
0.00000
0.00000
0.00000
0.00000
0.00000
0.00000
0.00000
0.38642
8.99035
21.90191
29.80115
19.75375
11.24076
3.53476
1.72760
0.00000
0.00000
0.00000
0.00000
0.00000
0.00000
0.00000
0.00000
0.00000
0.00000
0.00000
0.00000
0.00000
0.00000
0.00000
0.00000
0.00000
0.22729
1.22750
3.20514
10.87708
3.87573
2.13677
0.84104
0.00000
0.00000
0.00000
0.00000
0.00000
0.00000
0.00000
0.00000
0.00000
0.00000
0.00000
0.00000
0.00000
0.00000
0.00000
0.00000
0.00000
0.60236
0.84104
0.94337
1.85260
5.61469
0.22729
0.69330
0.00000
0.00000
0.00000
0.00000
0.00000
0.00000
0.00000
0.00000
0.00000
0.00000
0.00000
0.00000
0.00000
0.00000
0.00000
0.00000
0.00000
0.15910
0.34097
2.07993
0.28413
0.05681
1.15931
0.47736
0.00000
0.00000
0.00000
0.00000
0.00000
0.00000
0.00000
0.00000
0.00000
0.00000
0.00000
0.00000
0.00000
0.00000
0.00000
0.00000
0.19319
1.17066
7.50142
13.36618
14.52549
15.87802
7.87649
1.54573
0.00000
0.00000
0.00000
0.00000
0.00000
0.00000
0.00000
0.00000
0.00000
0.00000
0.00000
0.00000
0.00000
0.00000
0.00000
0.00000
0.59101
24.76608
73.36629
111.18033
118.59084
99.17804
55.57878
11.76361
0.00000
0.00000
0.00000
0.00000
0.00000
0.00000
0.00000
0.00000
0.00000
0.00000
0.00000
0.00000
0.00000
0.00000
0.00000
0.00000
0.05681
1.47753
15.91212
25.02750
23.00438
16.83274
5.20552
0.51146
0.00000
0.00000
0.00000
0.00000
0.00000
0.00000
0.00000
0.00000
0.00000
0.00000
0.00000
0.00000
0.00000
0.00000
0.00000
0.00000
0.00000
0.62510
8.19472
17.93524
18.68538
17.96934
24.01594
5.38740
0.00000
0.00000
0.00000
0.00000
0.00000
0.00000
0.00000
0.00000
0.00000
0.00000
0.00000
0.00000
0.00000
0.00000
0.00000
0.00000
0.00000
0.15910
0.12500
2.05719
0.65920
0.78424
0.54556
0.00000
0.00000
0.00000
0.00000
0.00000
0.00000
0.00000
0.00000
0.00000
0.00000
0.00000
0.00000
0.00000
0.00000
0.00000
0.00000
0.00000
0.18184
17.27601
60.15920
94.88175
105.33829
81.97021
42.75816
5.85337
0.00000
0.00000
0.00000
0.00000
0.00000
0.00000
0.00000
0.00000
0.00000
0.00000
0.00000
0.00000
0.00000
0.00000
0.00000
0.00000
0.10229
15.87802
48.56608
75.09389
72.69569
30.53993
8.53569
3.97802
0.00000
0.00000
0.00000
0.00000
0.00000
0.00000
0.00000
0.00000
0.00000
0.00000
0.00000
0.00000
0.00000
0.00000
0.00000
0.00000
0.03410
10.27469
50.88472
93.31328
105.69064
88.55101
45.70191
6.83083
0.00000
0.00000
0.00000
0.00000
0.00000
0.00000
0.00000
0.00000
0.00000
0.00000
0.00000
0.00000
0.00000
0.00000
0.00000
0.00000
0.05681
17.92385
60.95483
93.58606
95.76830
65.17152
32.17660
6.87632
0.00000
0.00000
0.00000
0.00000
0.00000
0.00000
0.00000
0.00000
0.00000
0.00000
0.00000
0.00000
0.00000
0.00000
0.00000
0.00000
0.00000
0.00000
0.15910
0.63646
1.54573
5.76247
0.90924
0.22729
0.00000
0.00000
0.00000
0.00000
0.00000
0.00000
0.00000
0.00000
0.00000
0.00000
0.00000
0.00000
0.00000
0.00000
0.00000
0.00000
0.00000
0.56826
2.30726
0.35233
0.79559
0.00000
2.39816
0.06819
0.00000
0.00000
0.00000
0.00000
0.00000
0.00000
0.00000
0.00000
0.00000
0.00000
0.00000
0.00000
0.00000
0.00000
0.00000
0.00000
0.00000
0.76149
1.06837
0.88653
0.12500
0.00000
0.00000
0.00000
0.00000
0.00000
0.00000
0.00000
0.00000
0.00000
0.00000
0.00000
0.00000
0.00000
0.00000
0.00000
0.00000
0.00000
0.00000
0.00000
0.00000
0.18184
0.06819
0.00000
0.02271
0.00000
0.00000
0.00000
0.00000
0.00000
0.00000
0.00000
0.00000
0.00000
0.00000
0.00000
0.00000
0.00000
0.00000
0.00000
0.00000
0.00000
0.00000
0.00000
0.00000
0.00000
0.03410
0.00000
0.00000
0.00000
0.15910
0.00000
0.00000
0.00000
0.00000
0.00000
0.00000
0.00000
0.00000
0.00000
0.00000
0.00000
0.00000
0.00000
0.00000
0.00000
0.00000
0.00000
0.00000
0.00000
0.00000
1.10247
0.35233
1.53437
0.02271
0.05681
0.00000
0.00000
0.00000
0.00000
0.00000
0.00000
0.00000
0.00000
0.00000
0.00000
0.00000
0.00000
0.00000
0.00000
0.00000
0.00000
0.00000
1.23885
0.00000
0.02271
0.44326
5.33056
7.62646
0.00000
0.00000
0.00000
0.00000
0.00000
0.00000
0.00000
0.00000
0.00000
0.00000
0.00000
0.00000
0.00000
0.00000
0.00000
0.00000
0.00000
0.00000
3.65979
8.92215
13.04795
6.14889
0.00000
0.00000
0.00000
0.00000
0.00000
0.00000
0.00000
0.00000
0.00000
0.00000
0.00000
0.00000
0.00000
0.00000
0.00000
0.00000
0.00000
0.00000
0.00000
0.00000
0.72740
0.38642
0.00000
0.47736
2.02309
1.63667
0.34097
0.00000
0.00000
0.00000
0.00000
0.00000
0.00000
0.00000
0.00000
0.00000
0.00000
0.00000
0.00000
0.00000
0.00000
0.00000
0.00000
0.00000
0.00000
0.00000
0.00000
0.35233
0.67056
0.31823
0.00000
0.00000
0.00000
0.00000
0.00000
0.00000
0.00000
0.00000
0.00000
0.00000
0.00000
0.00000
0.00000
0.00000
0.00000
0.00000
0.00000
0.00000
0.22729
2.18222
6.42167
1.32979
0.00000
0.00000
0.00000
0.00000
0.00000
0.00000
0.00000
0.00000
0.00000
0.00000
0.00000
0.00000
0.00000
0.00000
0.00000
0.00000
0.00000
0.00000
0.00000
0.00000
0.62510
1.64802
1.70486
6.89903
16.04851
4.76226
0.60236
0.00000
0.00000
0.00000
0.00000
0.00000
0.00000
0.00000
0.00000
0.00000
0.00000
0.00000
0.00000
0.00000
0.00000
0.00000
0.00000
0.00000
2.61413
16.03715
42.86045
53.49886
51.14614
32.80170
6.01250
0.00000
0.00000
0.00000
0.00000
0.00000
0.00000
0.00000
0.00000
0.00000
0.00000
0.00000
0.00000
0.00000
0.00000
0.00000
0.00000
0.00000
1.31844
3.18243
6.42167
7.19455
4.75090
5.83066
0.87514
0.00000
0.00000
0.00000
0.00000
0.00000
0.00000
0.00000
0.00000
0.00000
0.00000
0.00000
0.00000
0.00000
0.00000
0.00000
0.00000
0.00000
0.00000
0.15910
0.81833
0.00000
0.31823
0.40917
0.00000
0.00000
0.00000
0.00000
0.00000
0.00000
0.00000
0.00000
0.00000
0.00000
0.00000
0.00000
0.00000
0.00000
0.00000
0.00000
0.00000
0.00000
0.03410
0.02271
0.00000
0.00000
0.05681
0.00000
0.00000
0.00000
0.00000
0.00000
0.00000
0.00000
0.00000
0.00000
0.00000
0.00000
0.00000
0.00000
0.00000
0.00000
0.00000
0.00000
0.00000
0.00000
0.00000
0.00000
0.00000
0.10229
0.00000
0.02271
0.05681
0.00000
0.00000
0.00000
0.00000
0.00000
0.00000
0.00000
0.00000
0.00000
0.00000
0.00000
0.00000
0.00000
0.00000
0.00000
0.00000
0.00000
0.06819
0.00000
0.00000
1.73896
1.57983
0.00000
0.18184
0.00000
0.00000
0.00000
0.00000
0.00000
0.00000
0.00000
0.00000
0.00000
0.00000
0.00000
0.00000
0.00000
0.00000
0.00000
0.00000
0.00000
0.25003
1.56847
5.60333
4.19396
0.78424
0.19319
0.12500
0.00000
0.00000
0.00000
0.00000
0.00000
0.00000
0.00000
0.00000
0.00000
0.00000
0.00000
0.00000
0.00000
0.00000
0.00000
0.00000
0.00000
0.18184
0.10229
0.10229
0.35233
0.44326
0.19319
0.00000
0.00000
0.00000
0.00000
0.00000
0.00000
0.00000
0.00000
0.00000
0.00000
0.00000
0.00000
0.00000
0.00000
0.00000
0.00000
0.00000
0.00000
0.00000
0.60236
0.02271
0.00000
0.59101
0.10229
0.00000
0.00000
0.00000
0.00000
0.00000
0.00000
0.00000
0.00000
0.00000
0.00000
0.00000
0.00000
0.00000
0.00000
0.00000
0.00000
0.00000
0.00000
3.23924
9.13809
13.24115
11.47944
12.85472
2.14812
0.78424
0.00000
0.00000
0.00000
0.00000
0.00000
0.00000
0.00000
0.00000
0.00000
0.00000
0.00000
0.00000
0.00000
0.00000
0.00000
0.00000
0.00000
0.00000
0.00000
0.47736
4.83045
2.64823
0.65920
0.14774
0.00000
0.00000
0.00000
0.00000
0.00000
0.00000
0.00000
0.00000
0.00000
0.00000
0.00000
0.00000
0.00000
0.00000
0.00000
0.00000
0.00000
0.22729
0.05681
0.00000
15.69618
7.59236
2.34135
0.34097
0.00000
0.00000
0.00000
0.00000
0.00000
0.00000
0.00000
0.00000
0.00000
0.00000
