0.00000
0.00000
0.00000
0.00000
0.00000
0.00000
0.00000
10.06483
44.20719
65.07219
69.10555
53.70691
38.09729
10.88247
0.00000
0.00000
0.00000
0.00000
0.00000
0.00000
0.00000
0.00000
0.00000
0.00000
0.00000
0.00000
0.00000
0.00000
0.00000
0.00000
0.00000
13.75934
41.24396
64.87580
80.32174
85.18181
50.25562
19.06028
0.03958
0.00000
0.00000
0.00000
0.00000
0.00000
0.00000
0.00000
0.00000
0.00000
0.00000
0.00000
0.00000
0.00000
0.00000
0.00000
0.00000
16.65340
56.09840
82.98108
91.93785
86.52437
63.75681
23.93347
0.06597
0.00000
0.00000
0.00000
0.00000
0.00000
0.00000
0.00000
0.00000
0.00000
0.00000
0.00000
0.00000
0.00000
0.00000
0.00000
0.00000
13.14608
44.65247
74.02673
81.42785
73.55128
55.48021
20.90861
0.11878
0.00000
0.00000
0.00000
0.00000
0.00000
0.00000
0.00000
0.00000
0.00000
0.00000
0.00000
0.00000
0.00000
0.00000
0.00000
0.00000
9.95010
36.47486
47.62583
48.54958
34.81212
21.36500
7.31080
0.06597
0.00000
0.00000
0.00000
0.00000
0.00000
0.00000
0.00000
0.00000
0.00000
0.00000
0.00000
0.00000
0.00000
0.00000
0.00000
0.00000
9.81812
34.41621
60.88823
77.07649
83.69131
60.60292
22.06056
0.28080
0.00000
0.00000
0.00000
0.00000
0.00000
0.00000
0.00000
0.00000
0.00000
0.00000
0.00000
0.00000
0.00000
0.00000
0.00000
0.00000
18.31181
49.79736
76.52740
82.82555
76.11632
56.37448
22.94996
0.46187
0.00000
0.00000
0.00000
0.00000
0.00000
0.00000
0.00000
0.00000
0.00000
0.00000
0.00000
0.00000
0.00000
0.00000
0.00000
0.00000
15.45038
51.95375
81.67528
86.71687
90.55888
60.66340
23.58785
0.62024
0.00000
0.00000
0.00000
0.00000
0.00000
0.00000
0.00000
0.00000
0.00000
0.00000
0.00000
0.00000
0.00000
0.00000
0.00000
0.00000
17.97115
55.84917
73.54684
71.53129
63.37823
46.22701
19.07250
0.51465
0.00000
0.00000
0.00000
0.00000
0.00000
0.00000
0.00000
0.00000
0.00000
0.00000
0.00000
0.00000
0.00000
0.00000
0.00000
0.00000
10.63632
34.20507
59.04990
85.43094
75.10445
51.87507
21.39139
0.77858
0.00000
0.00000
0.00000
0.00000
0.00000
0.00000
0.00000
0.00000
0.00000
0.00000
0.00000
0.00000
0.00000
0.00000
0.00000
0.00000
19.58608
63.63552
96.85548
98.41763
84.12688
65.13993
30.34792
1.33285
0.00000
0.00000
0.00000
0.00000
0.00000
0.00000
0.00000
0.00000
0.00000
0.00000
0.00000
0.00000
0.00000
0.00000
0.00000
0.00000
22.56087
65.19566
96.21152
110.43968
102.93094
74.37465
29.96111
1.47799
0.00000
0.00000
0.00000
0.00000
0.00000
0.00000
0.00000
0.00000
0.00000
0.00000
0.00000
0.00000
0.00000
0.00000
0.00000
0.01319
19.25913
49.92441
75.00421
98.10660
94.01184
50.48944
12.90608
0.80500
0.00000
0.00000
0.00000
0.00000
0.00000
0.00000
0.00000
0.00000
0.00000
0.00000
0.00000
0.00000
0.00000
0.00000
0.00000
0.03958
16.57316
49.40702
63.09201
107.74319
95.50319
64.66601
32.67722
2.59969
0.00000
0.00000
0.00000
0.00000
0.00000
0.00000
0.00000
0.00000
0.00000
0.00000
0.00000
0.00000
0.00000
0.00000
0.00000
0.09240
23.45833
54.92955
90.30077
106.62354
105.30504
80.06233
37.81507
2.98167
0.00000
0.00000
0.00000
0.00000
0.00000
0.00000
0.00000
0.00000
0.00000
0.00000
0.00000
0.00000
0.00000
0.00000
0.00000
0.11878
22.39812
58.53038
87.60680
91.62389
97.90938
81.19833
38.54115
3.73236
0.00000
0.00000
0.00000
0.00000
0.00000
0.00000
0.00000
0.00000
0.00000
0.00000
0.00000
0.00000
0.00000
0.00000
0.00000
0.10559
11.74479
40.41195
59.99298
87.29108
88.04840
56.98576
27.09222
2.57330
0.00000
0.00000
0.00000
0.00000
0.00000
0.00000
0.00000
0.00000
0.00000
0.00000
0.00000
0.00000
0.00000
0.00000
0.00000
0.25073
18.22424
48.74754
81.47674
102.98632
97.89753
75.04969
44.42945
4.10556
0.00000
0.00000
0.00000
0.00000
0.00000
0.00000
0.00000
0.00000
0.00000
0.00000
0.00000
0.00000
0.00000
0.00000
0.00000
0.49927
25.27663
64.28521
87.14254
81.77078
86.79392
66.61295
43.05167
5.82958
0.00000
0.00000
0.00000
0.00000
0.00000
0.00000
0.00000
0.00000
0.00000
0.00000
0.00000
0.00000
0.00000
0.00000
0.00000
0.31670
19.16118
42.36045
66.89257
73.66486
69.65131
58.36000
25.95733
3.16715
0.00000
0.00000
0.00000
0.00000
0.00000
0.00000
0.00000
0.00000
0.00000
0.00000
0.00000
0.00000
0.00000
0.00000
0.00000
0.55424
21.28580
61.63969
69.37350
68.72688
63.43514
50.64379
25.24472
3.64222
0.00000
0.00000
0.00000
0.00000
0.00000
0.00000
0.00000
0.00000
0.00000
0.00000
0.00000
0.00000
0.00000
0.00000
0.00000
0.67302
29.06899
58.39458
81.90688
105.80240
100.77621
75.63303
41.81979
5.84806
0.00000
0.00000
0.00000
0.00000
0.00000
0.00000
0.00000
0.00000
0.00000
0.00000
0.00000
0.00000
0.00000
0.00000
0.00000
0.76538
30.48139
71.38072
96.26003
109.79774
104.16852
79.09191
39.90334
7.01128
0.00000
0.00000
0.00000
0.00000
0.00000
0.00000
0.00000
0.00000
0.00000
0.00000
0.00000
0.00000
0.00000
0.00000
0.00000
1.63340
33.23278
75.03008
111.77457
114.94300
98.63175
80.55764
49.79562
9.43111
0.00000
0.00000
0.00000
0.00000
0.00000
0.00000
0.00000
0.00000
0.00000
0.00000
0.00000
0.00000
0.00000
0.00000
0.00000
1.57365
30.13035
72.03844
109.78736
126.94534
122.02191
97.68726
53.08146
9.67618
0.00000
0.00000
0.00000
0.00000
0.00000
0.00000
0.00000
0.00000
0.00000
0.00000
0.00000
0.00000
0.00000
0.00000
0.00000
1.59677
20.69021
58.64452
94.69615
115.78716
96.54924
66.25504
39.73385
8.11121
0.00000
0.00000
0.00000
0.00000
0.00000
0.00000
0.00000
0.00000
0.00000
0.00000
0.00000
0.00000
0.00000
0.00000
0.00000
2.67889
38.18750
84.07614
114.53812
138.71118
146.92213
115.78271
59.72549
14.28004
0.00000
0.00000
0.00000
0.00000
0.00000
0.00000
0.00000
0.00000
0.00000
0.00000
0.00000
0.00000
0.00000
0.00000
0.00000
2.52052
35.96389
57.23281
96.14375
101.17167
99.78708
85.78191
48.24976
10.53073
0.00000
0.00000
0.00000
0.00000
0.00000
0.00000
0.00000
0.00000
0.00000
0.00000
0.00000
0.00000
0.00000
0.00000
0.00000
3.21993
34.58923
66.75497
107.18618
118.18229
105.83896
96.76087
62.97469
12.39035
0.00000
0.00000
0.00000
0.00000
0.00000
0.00000
0.00000
0.00000
0.00000
0.00000
0.00000
0.00000
0.00000
0.00000
0.00000
3.86802
41.58309
90.48528
124.90314
136.43555
138.52786
101.47399
60.89722
14.79021
0.00000
0.00000
0.00000
0.00000
0.00000
0.00000
0.00000
0.00000
0.00000
0.00000
0.00000
0.00000
0.00000
0.00000
0.00000
3.32149
38.97712
61.07785
79.00261
88.06645
97.74319
79.54681
47.06326
17.62743
0.00000
0.00000
0.00000
0.00000
0.00000
0.00000
0.00000
0.00000
0.00000
0.00000
0.00000
0.00000
0.00000
0.00000
0.00000
4.32990
45.78142
90.94198
125.78535
129.17587
136.95142
99.78261
62.03757
19.09115
0.00000
0.00000
0.00000
0.00000
0.00000
0.00000
0.00000
0.00000
0.00000
0.00000
0.00000
0.00000
0.00000
0.00000
0.00000
5.29177
49.01465
102.47774
143.83574
168.46480
136.02357
124.53551
72.08684
20.64785
0.00000
0.00000
0.00000
0.00000
0.00000
0.00000
0.00000
0.00000
0.00000
0.00000
0.00000
0.00000
0.00000
0.00000
0.00000
7.45872
58.39156
104.56271
122.46194
124.11656
113.47992
107.62312
75.49660
26.51378
0.03958
0.00000
0.00000
0.00000
0.00000
0.00000
0.00000
0.00000
0.00000
0.00000
0.00000
0.00000
0.00000
0.00000
0.00000
5.53549
46.42649
96.53236
115.11362
116.45576
105.77686
82.93095
57.38116
23.26906
0.12247
0.00000
0.00000
0.00000
0.00000
0.00000
0.00000
0.00000
0.00000
0.00000
0.00000
0.00000
0.00000
0.00000
0.00000
8.76281
57.00417
89.07739
136.82491
144.08847
149.13104
89.82373
66.74931
26.20778
0.32042
0.00000
0.00000
0.00000
0.00000
0.00000
0.00000
0.00000
0.00000
0.00000
0.00000
0.00000
0.00000
0.00000
0.00000
7.68031
52.53194
106.54034
126.09007
146.68433
146.54010
129.74741
81.90945
29.15087
0.42229
0.00000
0.00000
0.00000
0.00000
0.00000
0.00000
0.00000
0.00000
0.00000
0.00000
0.00000
0.00000
0.00000
0.00000
10.79465
38.03875
57.61552
86.70038
103.76334
104.21695
112.14365
91.00031
35.69320
0.62024
0.00000
0.00000
0.00000
0.00000
0.00000
0.00000
0.00000
0.00000
0.00000
0.00000
0.00000
0.00000
0.00000
0.00000
9.43076
45.70562
86.12774
130.05524
129.99811
122.92911
113.63677
66.64531
31.32962
1.17226
0.00000
0.00000
0.00000
0.00000
0.00000
0.00000
0.00000
0.00000
0.00000
0.00000
0.00000
0.00000
0.00000
0.00000
11.47743
53.84365
95.34153
127.20081
124.65619
127.08986
111.94101
86.79584
36.70785
1.56816
0.00000
0.00000
0.00000
0.00000
0.00000
0.00000
0.00000
0.00000
0.00000
0.00000
0.00000
0.00000
0.00000
0.00000
15.00417
65.72573
99.22128
124.99693
127.05709
148.08015
110.18587
79.44688
35.64483
1.98931
0.00000
0.00000
0.00000
0.00000
0.00000
0.00000
0.00000
0.00000
0.00000
0.00000
0.00000
0.00000
0.00000
0.00000
12.71403
65.60156
84.56139
104.20335
144.37146
122.02512
120.13393
75.98289
37.58490
2.62892
0.00000
0.00000
0.00000
0.00000
0.00000
0.00000
0.00000
0.00000
0.00000
0.00000
0.00000
0.00000
0.00000
0.00000
14.03014
75.06601
82.16259
90.11447
132.05412
110.69092
122.24010
98.38541
39.72583
2.89948
0.00000
0.00000
0.00000
0.00000
0.00000
0.00000
0.00000
0.00000
0.00000
0.00000
0.00000
0.00000
0.00000
0.00000
16.55212
76.30524
117.64038
166.20607
163.70067
172.48181
136.09904
94.61646
40.98104
3.41163
0.00000
0.00000
0.00000
0.00000
0.00000
0.00000
0.00000
0.00000
0.00000
0.00000
0.00000
0.00000
0.00000
0.00000
24.92653
74.82243
120.53071
147.18033
177.69376
132.55133
92.29652
78.15926
42.46899
5.35066
0.00000
0.00000
0.00000
0.00000
0.00000
0.00000
0.00000
0.00000
0.00000
0.00000
0.00000
0.00000
0.00000
0.00000
21.70611
60.34034
85.57764
105.98933
126.53549
105.71667
94.22023
65.83018
39.48351
5.24872
0.00000
0.00000
0.00000
0.00000
0.00000
0.00000
0.00000
0.00000
0.00000
0.00000
0.00000
0.00000
0.00000
0.03958
21.42031
55.44357
74.86205
85.38948
91.04575
91.09323
96.39497
87.11587
48.82236
5.94045
0.00000
0.00000
0.00000
0.00000
0.00000
0.00000
0.00000
0.00000
0.00000
0.00000
0.00000
0.00000
0.00000
0.06597
19.53257
73.61510
116.62805
137.69586
120.17705
131.59261
113.77795
65.30226
31.25121
3.31927
0.00000
0.00000
0.00000
0.00000
0.00000
0.00000
0.00000
0.00000
0.00000
0.00000
0.00000
0.00000
0.00000
0.09240
13.86941
28.10833
72.80458
135.72910
126.17343
164.36737
157.65472
114.92873
59.80629
9.01427
0.00000
0.00000
0.00000
0.00000
0.00000
0.00000
0.00000
0.00000
0.00000
0.00000
0.00000
0.00000
0.00000
0.21115
20.86299
85.33746
123.64052
175.62439
173.16737
130.82266
84.06322
47.78420
27.09222
5.48972
0.00000
0.00000
0.00000
0.00000
0.00000
0.00000
0.00000
0.00000
0.00000
0.00000
0.00000
0.00000
0.00000
0.62024
29.04514
76.03645
124.48289
167.11183
152.84561
160.01286
131.48671
106.05778
54.48837
10.10333
0.00000
0.00000
0.00000
0.00000
0.00000
0.00000
0.00000
0.00000
0.00000
0.00000
0.00000
0.00000
0.00000
1.24417
36.46386
87.79018
120.55358
158.31807
167.73071
176.91301
156.75229
97.01701
53.32948
8.85257
0.00000
0.00000
0.00000
0.00000
0.00000
0.00000
0.00000
0.00000
0.00000
0.00000
0.00000
0.00000
0.00000
0.69941
13.40753
30.00861
122.77222
167.94574
150.87961
138.66016
118.22096
96.56116
61.06472
12.32132
0.00000
0.00000
0.00000
0.00000
0.00000
0.00000
0.00000
0.00000
0.00000
0.00000
0.00000
0.00000
0.00000
2.01135
34.72892
84.62441
122.84090
159.91553
171.62109
172.47835
148.35236
106.05305
64.80114
11.74479
0.00000
0.00000
0.00000
0.00000
0.00000
0.00000
0.00000
0.00000
0.00000
0.00000
0.00000
0.00000
0.00000
2.06233
33.85250
111.23223
172.13571
184.24843
161.63533
167.17245
159.34094
121.49091
67.81618
14.06226
0.00000
0.00000
0.00000
0.00000
0.00000
0.00000
0.00000
0.00000
0.00000
0.00000
0.00000
0.00000
0.00000
2.71764
37.90045
89.28954
109.29256
109.71785
118.21571
127.70950
124.70319
87.10942
55.36313
15.10108
0.00000
0.00000
0.00000
0.00000
0.00000
0.00000
0.00000
0.00000
0.00000
0.00000
0.00000
0.00000
0.00000
4.62014
44.03827
80.25045
89.15265
97.95688
133.70926
138.88243
158.48892
124.48753
64.09042
15.60858
0.00000
0.00000
0.00000
0.00000
0.00000
0.00000
0.00000
0.00000
0.00000
0.00000
0.00000
0.00000
0.00000
3.60632
37.90278
69.81118
119.27022
163.62383
226.45490
202.56053
192.68977
141.22566
83.14163
15.76507
0.00000
0.00000
0.00000
0.00000
0.00000
0.00000
0.00000
0.00000
0.00000
0.00000
0.00000
0.00000
0.00000
5.24493
43.76903
82.07278
93.60054
99.03091
110.59628
124.83078
125.90654
108.01390
61.66541
18.73621
0.00000
0.00000
0.00000
0.00000
0.00000
0.00000
0.00000
0.00000
0.00000
0.00000
0.00000
0.00000
0.00000
7.00979
43.73195
70.27542
87.31403
97.70822
101.63837
99.95059
92.59250
78.95120
56.93709
19.94774
0.00000
0.00000
0.00000
0.00000
0.00000
0.00000
0.00000
0.00000
0.00000
0.00000
0.00000
0.00000
0.00000
7.98392
45.28160
71.98148
88.58530
97.99173
101.43118
104.40015
114.18170
115.26550
75.26128
27.26906
0.00000
0.00000
0.00000
0.00000
0.00000
0.00000
0.00000
0.00000
0.00000
0.00000
0.00000
0.00000
0.00000
10.65764
56.96212
87.73627
103.53638
106.77695
106.93210
115.35309
102.03287
90.82002
60.51237
23.41087
0.06597
0.00000
0.00000
0.00000
0.00000
0.00000
0.00000
0.00000
0.00000
0.00000
0.00000
0.00000
0.00000
12.45229
66.35635
117.78980
189.25070
227.39758
257.26178
265.67908
222.10562
150.09457
82.50069
22.33375
0.10559
0.00000
0.00000
0.00000
0.00000
0.00000
0.00000
0.00000
0.00000
0.00000
0.00000
0.00000
0.00000
8.40733
56.19059
110.27314
165.44186
167.76544
200.86258
206.35776
189.80730
144.38721
93.71441
33.56521
0.34681
0.00000
0.00000
0.00000
0.00000
0.00000
0.00000
0.00000
0.00000
0.00000
0.00000
0.00000
0.00000
10.58372
51.69871
95.85811
138.89960
139.39288
166.09518
216.60925
191.92696
169.20634
105.72244
40.30725
0.65983
0.00000
0.00000
0.00000
0.00000
0.00000
0.00000
0.00000
0.00000
0.00000
0.00000
0.00000
0.00000
11.57170
49.49059
99.62455
138.23593
178.48477
204.44322
200.91006
176.81819
125.67991
89.94527
32.60656
0.90653
0.00000
0.00000
0.00000
0.00000
0.00000
0.00000
0.00000
0.00000
0.00000
0.00000
0.00000
0.00000
13.89361
55.42260
116.67236
131.04160
171.24214
208.97734
224.41978
184.73399
166.45320
88.76188
34.76302
0.91056
0.00000
0.00000
0.00000
0.00000
0.00000
0.00000
0.00000
0.00000
0.00000
0.00000
0.00000
0.00000
17.92722
68.64983
136.70544
155.40096
143.31860
116.75388
112.83673
107.35883
88.60010
72.12558
34.69347
1.75503
0.00000
0.00000
0.00000
0.00000
0.00000
0.00000
0.00000
0.00000
0.00000
0.00000
0.00000
0.00000
19.59573
59.84666
84.14394
99.94608
109.41571
113.15247
111.40219
103.84729
90.52551
69.66518
35.90799
2.22937
0.00000
0.00000
0.00000
0.00000
0.00000
0.00000
0.00000
0.00000
0.00000
0.00000
0.00000
0.00000
21.47340
67.92212
108.71545
136.69427
128.55688
123.05338
119.06146
106.54910
90.34952
69.53671
37.07951
2.73149
0.00000
0.00000
0.00000
0.00000
0.00000
0.00000
0.00000
0.00000
0.00000
0.00000
0.00000
0.00000
19.31955
66.44768
150.07286
202.16772
235.92537
223.95210
202.93686
174.62746
130.73233
80.99593
32.97813
2.42191
0.00000
0.00000
0.00000
0.00000
0.00000
0.00000
0.00000
0.00000
0.00000
0.00000
0.00000
0.05278
22.59389
81.63566
123.80029
133.06448
132.22940
228.71014
223.17673
225.06517
172.65677
126.67599
48.04958
2.90024
0.00000
0.00000
0.00000
0.00000
0.00000
0.00000
0.00000
0.00000
0.00000
0.00000
0.00000
0.06597
13.97500
59.35875
112.83105
180.23480
208.25827
233.03166
214.79512
165.22345
150.24170
106.52717
43.76785
3.38767
0.00000
0.00000
0.00000
0.00000
0.00000
0.00000
0.00000
0.00000
0.00000
0.00000
0.00000
0.55024
29.53201
66.27466
89.35376
104.47189
112.90771
113.84207
142.07211
134.06345
137.50525
115.74729
59.37733
5.57858
0.00000
0.00000
0.00000
0.00000
0.00000
0.00000
0.00000
0.00000
0.00000
0.00000
0.00000
0.89514
32.78837
85.23752
119.72353
158.80412
184.35590
166.92096
244.93201
240.04434
196.73122
120.18326
54.07990
5.24365
0.00000
0.00000
0.00000
0.00000
0.00000
0.00000
0.00000
0.00000
0.00000
0.00000
0.00000
1.41455
33.50747
68.89236
101.08080
133.30066
125.42068
121.26331
117.20398
108.89877
95.95081
76.03935
45.79614
6.85924
0.00000
0.00000
0.00000
0.00000
0.00000
0.00000
0.00000
0.00000
0.00000
0.00000
0.00000
1.89618
34.77906
69.88467
91.41626
106.72189
126.66205
125.34293
114.72195
107.86179
95.97089
76.37808
46.53475
7.55083
0.00000
0.00000
0.00000
0.00000
0.00000
0.00000
0.00000
0.00000
0.00000
0.00000
0.00000
2.50024
36.65223
70.57567
91.99887
106.46567
115.05453
118.32578
116.42084
109.22461
96.47983
77.15102
47.87000
8.46045
0.00000
0.00000
0.00000
0.00000
0.00000
0.00000
0.00000
0.00000
0.00000
0.00000
0.00000
3.20215
38.47889
71.92445
92.91342
106.17319
115.38110
125.72189
116.20642
110.68536
97.01141
78.92273
48.30493
9.09312
0.00000
0.00000
0.00000
0.00000
0.00000
0.00000
0.00000
0.00000
0.00000
0.00000
0.00000
4.01986
38.76496
73.61594
95.43265
109.74847
115.61307
118.07916
116.43900
109.60855
97.47946
78.73370
50.19730
10.17094
0.00000
0.00000
0.00000
0.00000
0.00000
0.00000
0.00000
0.00000
0.00000
0.00000
0.00000
4.92736
42.52114
74.16643
94.11838
106.77859
114.90079
119.64835
115.18188
106.11658
96.38730
78.09613
50.07868
11.04562
0.00000
0.00000
0.00000
0.00000
0.00000
0.00000
0.00000
0.00000
0.00000
0.00000
0.00000
5.80587
43.19899
72.97408
92.84366
105.53470
112.78052
115.03732
112.71375
105.69180
93.76465
76.42316
50.56714
11.94823
0.00000
0.00000
0.00000
0.00000
0.00000
0.00000
0.00000
0.00000
0.00000
0.00000
0.00000
6.94691
44.28041
72.50562
91.49191
103.68338
110.57156
112.79523
110.52734
103.76727
92.48950
75.94504
50.89124
12.72955
0.00000
0.00000
0.00000
0.00000
0.00000
0.00000
0.00000
0.00000
0.00000
0.00000
0.00000
7.98493
51.19489
98.09815
135.28889
135.08640
158.32230
192.97943
138.63055
143.28409
154.87961
125.81659
75.32028
12.76840
0.00000
0.00000
0.00000
0.00000
0.00000
0.00000
0.00000
0.00000
0.00000
0.00000
0.00000
5.27858
43.15226
107.65222
137.17664
222.59332
214.81473
171.94519
133.60500
155.78328
130.97668
80.27643
65.15326
14.27083
0.00000
0.00000
0.00000
0.00000
0.00000
0.00000
0.00000
0.00000
0.00000
0.00000
0.00000
10.45622
69.52525
142.38829
184.52409
204.86670
202.81375
281.91907
272.98022
234.59258
202.18385
143.05074
84.50972
21.05629
0.00000
0.00000
0.00000
0.00000
0.00000
0.00000
0.00000
0.00000
0.00000
0.00000
0.00000
13.42646
80.80254
152.68085
201.22171
223.75246
180.20419
150.98540
144.84122
134.21112
87.24142
85.21125
52.21819
6.40024
0.00000
0.00000
0.00000
0.00000
0.00000
0.00000
0.00000
0.00000
0.00000
0.00000
0.00000
12.51750
54.85909
108.47009
144.61259
168.48969
235.47951
203.96765
224.38330
204.76407
204.67596
136.17007
73.58948
15.13177
0.00000
0.00000
0.00000
0.00000
0.00000
0.00000
0.00000
0.00000
0.00000
0.00000
0.00000
14.84420
55.44530
83.12404
108.05521
147.36090
218.21335
248.07083
277.96747
233.05571
185.69081
149.33873
88.80205
21.99788
0.00000
0.00000
0.00000
0.00000
0.00000
0.00000
0.00000
0.00000
0.00000
0.00000
0.00000
19.01017
75.29823
119.92657
222.84821
264.82574
259.70032
277.17694
246.69130
242.64606
170.27449
111.10344
71.07913
13.60549
0.00000
0.00000
0.00000
0.00000
0.00000
0.00000
0.00000
0.00000
0.00000
0.00000
0.00000
16.23771
74.65205
132.49434
208.43494
241.24156
289.20593
324.35785
318.74594
300.48511
223.62781
137.74658
80.34122
17.63042
0.01319
0.00000
0.00000
0.00000
0.00000
0.00000
0.00000
0.00000
0.00000
0.00000
0.00000
8.90757
55.41170
134.77248
178.12286
190.41290
186.34644
152.73518
98.43198
101.59892
75.10170
48.95868
22.38111
7.44278
0.01319
0.00000
0.00000
0.00000
0.00000
0.00000
0.00000
0.00000
0.00000
0.00000
0.00000
14.74038
54.50101
98.55688
209.98914
297.22604
322.65808
355.44400
335.10394
288.53448
237.36687
165.75655
107.89472
36.58865
0.21115
0.00000
0.00000
0.00000
0.00000
0.00000
0.00000
0.00000
0.00000
0.00000
0.00000
32.27545
111.13066
200.27734
221.99269
193.67188
216.00153
194.27542
183.04129
188.87769
218.09109
144.98553
102.27747
31.23556
0.42597
0.00000
0.00000
0.00000
0.00000
0.00000
0.00000
0.00000
0.00000
0.00000
0.05278
25.63806
78.84395
139.34334
116.55182
167.55676
198.65283
247.10419
299.97928
307.27655
256.00674
200.29993
115.96111
37.97448
0.44868
0.00000
0.00000
0.00000
0.00000
0.00000
0.00000
0.00000
0.00000
0.00000
0.14517
33.55392
93.61418
136.03085
171.43311
167.31323
153.90698
153.08539
138.88910
134.98068
137.26389
138.62434
107.43587
38.43493
0.75219
0.00000
0.00000
0.00000
0.00000
0.00000
0.00000
0.00000
0.00000
0.00000
0.34312
22.80340
63.68587
92.25018
141.51102
195.48698
197.96844
202.52367
199.39684
224.75011
214.71791
171.78691
107.76212
37.43246
1.05941
0.00000
0.00000
0.00000
0.00000
0.00000
0.00000
0.00000
0.00000
0.00000
0.69941
39.61024
107.91111
152.70964
232.07724
262.67087
288.05203
331.15802
285.68567
252.04829
210.03470
140.63782
90.76334
30.66764
1.11219
0.00000
0.00000
0.00000
0.00000
0.00000
0.00000
0.00000
0.00000
0.00000
0.55424
21.22351
56.17569
132.50157
154.54092
234.85925
249.60574
267.29077
248.71265
221.33910
207.48505
149.48947
88.29253
30.26077
1.22726
0.00000
0.00000
0.00000
0.00000
0.00000
0.00000
0.00000
0.00000
0.00000
0.29031
12.65535
37.21378
70.37997
48.91906
70.52160
111.98857
143.78458
193.27101
234.36658
184.53783
122.88333
65.96004
22.31514
0.88417
0.00000
0.00000
0.00000
0.00000
0.00000
0.00000
0.00000
0.00000
0.00000
0.42229
13.35476
34.48434
52.65549
98.46830
100.76556
107.31316
143.80042
142.91760
146.85600
103.83208
63.60379
41.29305
11.27257
0.51465
0.00000
0.00000
0.00000
0.00000
0.00000
0.00000
0.00000
0.00000
0.00000
0.93694
17.27410
46.00816
61.79879
145.16556
196.17514
181.84157
233.92705
218.57420
197.34961
134.79922
125.33305
88.33420
38.49545
2.44135
0.00000
0.00000
0.00000
0.00000
0.00000
0.00000
0.00000
0.00000
0.00000
1.88708
26.71819
74.08264
114.59865
144.99849
138.19176
172.32825
193.21573
117.41646
146.52322
94.61065
73.10191
45.46382
20.12573
2.86760
0.00000
0.00000
0.00000
0.00000
0.00000
0.00000
0.00000
0.00000
0.00000
3.74976
36.19257
66.73409
86.00491
106.81372
116.10938
118.77606
114.81140
112.62421
107.16504
99.28665
87.62683
67.57298
39.23552
4.61767
0.00000
0.00000
0.00000
0.00000
0.00000
0.00000
0.00000
0.00000
0.00000
5.26243
52.18723
103.67596
128.77426
192.83809
247.57254
288.44141
236.35553
244.40672
204.95563
133.09886
108.18215
71.88258
22.99354
1.54399
0.00000
0.00000
0.00000
0.00000
0.00000
0.00000
0.00000
0.00000
0.00000
1.57038
15.07031
29.28281
55.95274
157.03566
187.44325
195.77171
175.26851
175.46455
166.53740
140.46086
77.83240
64.53042
40.38875
4.57146
0.00000
0.00000
0.00000
0.00000
0.00000
0.00000
0.00000
0.00000
0.00000
5.88934
38.98361
79.16429
129.89719
194.92766
197.42511
203.10699
231.34070
222.89743
250.82339
196.49097
142.36479
91.04038
43.55490
5.79149
0.00000
0.00000
0.00000
0.00000
0.00000
0.00000
0.00000
0.00000
0.00000
7.68785
43.79750
70.63992
88.83755
114.45139
164.58563
197.04276
239.95016
211.18253
193.97342
154.68045
112.08572
93.09586
55.70139
8.63715
0.00000
0.00000
0.00000
0.00000
0.00000
0.00000
0.00000
0.00000
0.00000
6.85899
49.40136
104.38235
124.10074
179.69859
198.26257
253.72997
208.08560
210.42963
184.08273
186.87914
163.73801
107.32412
46.16343
8.02208
0.00000
0.00000
0.00000
0.00000
0.00000
0.00000
0.00000
0.00000
0.00000
8.01837
48.08670
89.89813
115.80209
125.91138
158.10934
149.53784
182.13867
188.09479
182.21878
132.94296
113.79730
84.67431
54.84125
8.67003
0.00000
0.00000
0.00000
0.00000
0.00000
0.00000
0.00000
0.00000
0.00000
4.10410
28.55701
39.25930
49.77684
43.32378
38.52031
40.48656
31.63177
47.28642
74.11101
39.72118
32.39719
40.71639
22.39431
4.19646
0.00000
0.00000
0.00000
0.00000
0.00000
0.00000
0.00000
0.00000
0.00000
6.02726
37.77271
82.60303
89.24910
151.46133
174.68120
208.59067
168.07780
192.06506
178.13791
120.34993
82.22118
33.94115
18.44858
3.16715
0.00000
0.00000
0.00000
0.00000
0.00000
0.00000
0.00000
0.00000
0.00000
12.27090
56.44951
91.04333
160.42403
228.39006
248.71986
225.10031
267.33228
213.15775
240.19603
201.50705
166.41824
103.15510
65.68552
12.44372
0.00000
0.00000
0.00000
0.00000
0.00000
0.00000
0.00000
0.00000
0.00000
11.84778
44.78427
70.58195
114.94132
145.86528
278.16443
286.17047
244.68416
232.42654
158.54187
85.10361
64.29656
54.64632
21.69490
4.01170
0.00000
0.00000
0.00000
0.00000
0.00000
0.00000
0.00000
0.00000
0.00000
8.03750
44.45361
89.76312
152.80855
200.94260
214.49789
238.97256
274.44568
260.74829
241.10574
159.26837
107.39170
74.40059
28.03549
6.09674
0.00000
0.00000
0.00000
0.00000
0.00000
0.00000
0.00000
0.00000
0.00000
13.90333
52.41351
97.61523
144.68356
209.83142
241.47424
281.59821
260.37360
283.72968
222.41393
185.35139
177.20186
132.50864
71.25305
16.93736
0.00000
0.00000
0.00000
0.00000
0.00000
0.00000
0.00000
0.00000
0.00000
11.87677
57.49382
109.47887
152.25525
197.63487
229.27789
305.50879
276.66315
293.68915
273.24371
194.59451
161.89749
112.22250
56.81277
14.44649
0.00000
0.00000
0.00000
0.00000
0.00000
0.00000
0.00000
0.00000
0.00000
19.40438
57.12975
81.58949
98.61249
160.83716
266.47095
335.41595
334.49390
286.30661
257.02036
225.12469
166.09714
110.45916
64.53419
17.09632
0.00000
0.00000
0.00000
0.00000
0.00000
0.00000
0.00000
0.00000
0.00000
21.27142
58.69209
80.77225
98.43716
124.10574
164.90936
304.35831
345.47339
268.11227
168.77417
158.03238
116.88309
94.66940
65.18868
16.52625
0.00000
0.00000
0.00000
0.00000
0.00000
0.00000
0.00000
0.00000
0.05278
25.35899
63.58086
90.63138
116.90121
163.38138
191.44122
253.06445
309.38290
280.23523
275.98584
234.16373
181.41747
121.17975
66.24778
19.56445
0.00000
0.00000
0.00000
0.00000
0.00000
0.00000
0.00000
0.00000
0.15837
23.49267
59.77158
85.75862
102.09631
110.74078
158.53815
216.16519
164.88782
172.04721
184.81848
181.08557
123.95950
114.85730
66.81114
20.56760
0.00000
0.00000
0.00000
0.00000
0.00000
0.00000
0.00000
0.00000
0.31670
29.55549
74.32050
88.82504
106.61517
130.96637
151.25208
163.05872
179.17953
145.67651
179.94119
155.72827
152.58818
116.08354
67.00493
19.79062
0.03958
0.00000
0.00000
0.00000
0.00000
0.00000
0.00000
0.00000
0.42597
26.60416
68.41052
126.52753
161.00139
170.67520
216.94290
204.35568
195.48694
192.76294
175.17285
145.08414
139.21283
105.57993
64.12674
23.92899
0.09240
0.00000
0.00000
0.00000
0.00000
0.00000
0.00000
0.00000
0.69170
27.29330
64.28320
89.98007
116.23309
126.11810
190.19339
181.24896
233.27652
237.52374
210.93451
174.39966
135.35968
109.93810
70.44077
25.21202
0.22802
0.00000
0.00000
0.00000
0.00000
0.00000
0.00000
0.00000
1.13635
29.77788
64.52705
88.01572
106.50354
136.24731
142.83691
249.12299
307.01828
311.46420
308.46246
263.75000
195.19418
133.29439
74.95718
28.79899
0.36951
0.00000
0.00000
0.00000
0.00000
0.00000
0.00000
0.00000
1.38160
36.63101
93.19490
151.43275
205.60568
126.97528
134.42346
152.00854
316.69489
306.31018
279.04224
194.77264
166.91037
113.27988
78.99883
24.72330
0.50514
0.00000
0.00000
0.00000
0.00000
0.00000
0.00000
0.00000
1.81816
32.92333
70.65042
101.56534
121.01407
110.71286
118.51990
133.65442
145.29016
310.76050
249.74023
217.71597
156.61703
126.29446
66.09837
30.95521
0.83507
0.00000
0.00000
0.00000
0.00000
0.00000
0.00000
0.00000
1.80531
32.05622
81.13049
129.38455
195.05899
166.71524
204.44785
254.63104
288.44312
244.02374
188.00943
184.16571
118.52623
110.89872
76.37413
23.02142
0.52785
0.00000
0.00000
0.00000
0.00000
0.00000
0.00000
0.00000
1.12170
27.63101
75.24091
114.72846
154.75821
175.78058
178.42987
184.24768
221.22925
256.36902
235.61041
208.90514
186.61249
133.01692
78.31195
36.19740
1.32882
0.00000
0.00000
0.00000
0.00000
0.00000
0.00000
0.00000
3.28510
35.92927
67.43262
101.77565
139.88593
208.69531
275.43036
265.16736
243.67563
288.23843
239.39383
177.27878
144.38902
126.39576
91.17299
32.45243
1.28007
0.00000
0.00000
0.00000
0.00000
0.00000
0.00000
0.00000
2.82403
35.35979
98.65552
133.63614
203.84007
204.07834
211.00552
246.33502
231.48187
171.57031
175.07050
165.70233
156.58060
130.23871
94.16962
32.76038
2.09892
0.00000
0.00000
0.00000
0.00000
0.00000
0.00000
0.00000
4.21115
45.88649
101.68382
136.21996
154.23523
200.39374
200.58240
169.45715
163.76093
195.77432
173.15323
209.59488
199.39691
98.08101
60.71659
12.45740
0.42229
0.00000
0.00000
0.00000
0.00000
0.00000
0.00000
0.00000
3.84927
41.08549
78.43529
117.66997
184.48886
240.50198
259.98264
206.06017
202.42447
145.33890
192.33417
136.07117
108.35645
97.88106
74.00931
33.43844
2.63007
0.00000
0.00000
0.00000
0.00000
0.00000
0.00000
0.00000
5.53243
47.07313
94.08823
124.93211
137.53152
127.98499
137.45132
198.65533
179.45264
238.04111
214.16232
162.15973
114.25500
99.00836
64.32674
32.72990
3.30858
0.00000
0.00000
0.00000
0.00000
0.00000
0.00000
0.00000
5.36538
41.53139
75.03318
111.58984
143.14755
122.46890
142.50739
187.91772
221.69144
255.55786
294.24243
196.56314
171.76974
115.85545
82.48914
42.68330
3.76646
0.00000
0.00000
0.00000
0.00000
0.00000
0.00000
0.00000
6.47556
45.30469
82.52836
121.25960
141.34702
151.39429
194.72711
207.06552
252.39380
277.67584
258.16382
204.05394
170.02412
124.86163
75.30573
42.57979
4.47642
0.00000
0.00000
0.00000
0.00000
0.00000
0.00000
0.00000
2.44135
12.56299
24.79604
48.19326
57.86694
92.95548
137.37381
175.55247
219.81215
196.11748
181.35941
211.80350
181.42487
133.64391
85.62108
36.35517
3.89844
0.00000
0.00000
0.00000
0.00000
0.00000
0.00000
0.00000
7.13274
42.80666
86.03376
128.73666
137.11349
152.13098
205.88025
297.22202
317.49335
338.67236
286.93417
223.47432
140.97719
137.93553
103.78691
48.68139
5.56111
0.00000
0.00000
0.00000
0.00000
0.00000
0.00000
0.00000
8.21944
43.37646
80.00143
137.28189
134.18999
262.87738
209.56870
248.14249
245.58136
247.12640
178.42444
147.57010
125.05038
90.20331
86.44927
43.90066
5.15486
0.00000
0.00000
0.00000
0.00000
0.00000
0.00000
0.00000
9.31785
45.73625
78.54385
110.00417
148.93127
133.51797
134.50641
228.58704
317.25839
292.09457
278.63757
227.10455
205.87560
177.83145
103.49138
50.89340
7.84545
0.00000
0.00000
0.00000
0.00000
0.00000
0.00000
0.00000
11.41441
54.01340
90.67596
92.07855
107.80356
163.69159
157.61725
157.83862
161.34991
233.63376
254.05618
237.91718
211.58275
146.30066
86.93659
43.07594
6.47378
0.00000
0.00000
0.00000
0.00000
0.00000
0.00000
0.00000
10.68677
47.45264
81.63438
100.46524
115.91205
120.05969
126.81720
129.32117
145.13660
183.80206
167.68219
188.72375
157.74161
100.69547
90.36580
45.78951
5.97632
0.00000
0.00000
0.00000
0.00000
0.00000
0.00000
0.00000
9.12375
48.09330
96.40086
137.15096
243.31654
188.96600
275.84552
328.02087
364.54904
302.30035
263.36646
249.75752
207.35472
143.41203
97.12924
54.26014
9.81576
0.00000
0.00000
0.00000
0.00000
0.00000
0.00000
0.00000
8.85479
44.92056
98.69559
183.39769
244.08755
314.11871
312.38983
305.69275
264.11188
246.84483
222.38089
186.74478
187.36757
127.05017
88.51483
43.53292
7.12875
0.00000
0.00000
0.00000
0.00000
0.00000
0.00000
0.00000
11.39632
51.17739
102.87392
177.47577
216.42778
208.81680
270.52029
336.55890
367.98203
318.97888
276.19528
247.87076
182.79762
125.47538
59.13531
34.61246
5.02785
0.00000
0.00000
0.00000
0.00000
0.00000
0.00000
0.00000
13.68701
69.31813
130.73950
119.74428
110.79138
126.26245
135.53137
177.59857
287.69489
355.96094
300.09061
211.00137
173.60576
79.02007
28.14795
9.01316
1.74194
0.00000
0.00000
0.00000
0.00000
0.00000
0.00000
0.00000
2.04545
14.55562
33.08882
76.94337
113.59816
178.06679
219.30032
251.51028
299.54602
306.19403
297.20862
201.57875
172.46902
119.05280
86.54025
40.40847
10.57656
0.00000
0.00000
0.00000
0.00000
0.00000
0.00000
0.00000
14.72486
59.55791
91.11510
127.37610
144.06113
214.15765
267.95685
291.53726
222.78760
183.97137
174.47618
221.16403
132.05634
104.64627
78.80646
40.50011
10.90715
0.00000
0.00000
0.00000
0.00000
0.00000
0.00000
0.00000
14.39080
50.66476
80.15915
100.24524
141.85468
190.25003
202.42456
210.50085
223.60611
244.92752
183.16797
204.18204
143.77762
136.92384
84.14197
49.36528
12.20625
0.00000
0.00000
0.00000
0.00000
0.00000
0.00000
0.00000
15.03323
50.59309
76.74840
95.66934
110.00696
120.34625
127.73700
133.28900
171.28070
151.67426
213.83148
268.17700
243.39738
177.35077
123.00909
54.02608
9.02635
0.00000
0.00000
0.00000
0.00000
0.00000
0.00000
0.00000
3.72139
17.03656
36.42208
90.39087
125.08222
121.45493
260.21948
224.78624
232.26799
250.24391
180.61987
92.83588
54.14486
39.52323
40.10333
19.12733
5.27781
0.00000
0.00000
0.00000
0.00000
0.00000
0.00000
0.00000
13.30806
44.87614
77.44534
101.58942
118.03043
191.87285
224.51762
200.52652
246.62473
225.88252
163.14703
147.43991
132.57848
85.36993
82.27660
45.89135
11.50517
0.00000
0.00000
0.00000
0.00000
0.00000
0.00000
0.00000
11.68469
39.02663
65.47445
115.62770
176.24503
207.02432
218.32059
170.13812
175.40524
187.22855
162.70349
148.42474
135.66403
135.14954
84.79480
40.74833
10.48406
0.00000
0.00000
0.00000
0.00000
0.00000
0.00000
0.00000
19.49017
68.41073
119.26274
177.98956
158.90260
197.09940
196.65875
167.43599
216.96458
182.05063
222.23901
164.72278
148.84850
107.87115
66.98894
51.07996
14.63667
0.00000
0.00000
0.00000
0.00000
0.00000
0.00000
0.00000
17.13875
51.89309
77.43324
96.55130
111.59012
134.36517
157.43103
182.52316
224.28928
200.10327
207.03415
189.53131
141.06537
118.33398
73.48759
47.10879
13.51705
0.00000
0.00000
0.00000
0.00000
0.00000
0.00000
0.00000
14.86778
61.63521
108.69212
112.58635
185.16583
191.32144
174.53006
177.45636
204.27887
203.19257
206.54050
159.82080
131.92581
110.70216
73.10256
42.08486
13.19559
0.00000
0.00000
0.00000
0.00000
0.00000
0.00000
0.00000
17.79899
52.35198
78.31546
97.58591
111.69998
153.93967
150.73618
195.05408
155.41101
184.93903
161.88800
217.80855
136.63850
106.11534
69.70557
48.97246
14.81705
0.00000
0.00000
0.00000
0.00000
0.00000
0.00000
0.01319
18.52528
52.62761
77.78322
95.68225
108.93521
124.10974
132.12628
176.92542
150.99994
136.63641
125.33905
149.63153
99.64621
93.51028
74.12314
49.49417
17.38035
0.00000
0.00000
0.00000
0.00000
0.00000
0.00000
0.01319
18.00639
52.58475
83.49394
107.61475
110.47977
120.14844
126.48224
128.14056
167.08545
182.96606
122.79114
115.35663
106.99701
98.93628
75.16692
53.50629
17.36913
0.00000
0.00000
0.00000
0.00000
0.00000
0.00000
0.03958
18.25257
54.57951
97.36488
118.38010
128.14337
135.43161
139.52032
160.58136
135.10089
141.33206
155.90231
164.87904
136.81821
105.67003
71.16518
47.58510
15.96879
0.01319
0.00000
0.00000
0.00000
0.00000
0.00000
0.03958
15.82601
49.63520
85.65568
96.61101
142.42117
122.78113
155.74908
184.55139
153.90735
140.97687
116.07050
114.35944
160.55630
125.77782
88.78438
55.08767
18.86069
0.03958
0.00000
0.00000
0.00000
0.00000
0.00000
0.06597
19.17903
52.76469
82.84534
138.60059
177.14865
213.05090
286.32855
249.47440
219.36929
165.50241
190.40198
181.48149
161.45004
130.22714
92.94344
43.04642
16.79958
0.03958
0.00000
0.00000
0.00000
0.00000
0.00000
0.01319
9.10910
35.22607
84.97864
114.16757
160.25037
191.86674
229.25935
257.22586
181.69815
154.03397
222.93735
171.39441
153.02589
119.89584
80.69287
43.91233
16.08719
0.06597
0.00000
0.00000
0.00000
0.00000
0.00000
0.09240
16.15844
45.29010
83.54422
111.75482
147.85101
171.30875
221.29938
203.00854
235.30235
239.41502
210.00574
189.70569
164.78888
128.07285
76.58513
49.89868
18.36590
0.09240
0.00000
0.00000
0.00000
0.00000
0.00000
0.10559
22.89885
69.18014
105.85609
127.67732
131.91138
221.28903
177.38940
192.09674
179.80566
201.29849
198.32999
152.41077
156.24872
130.60019
99.39368
51.30090
18.58250
0.10559
0.00000
0.00000
0.00000
0.00000
0.00000
0.11878
19.84327
53.00097
79.21683
95.42471
188.51593
205.15414
268.02664
287.08710
315.82068
291.82248
259.41077
212.56018
175.85101
138.70992
81.80914
55.60528
17.39319
0.11878
0.00000
0.00000
0.00000
0.00000
0.00000
0.11878
20.23167
55.66032
85.22107
121.11418
122.60150
142.50336
126.72119
168.19186
237.83057
224.29413
170.20532
168.75516
135.16959
100.22794
90.86366
52.14948
20.33715
0.19795
0.00000
0.00000
0.00000
0.00000
0.00000
0.14517
19.84406
54.08031
92.50810
117.29843
125.76755
145.94687
188.36523
245.70810
334.29916
265.20688
263.68698
235.17133
175.15392
116.24644
92.44329
58.73788
19.64396
0.21115
0.00000
0.00000
0.00000
0.00000
0.00000
0.14517
19.54538
53.27888
77.50423
97.21439
117.40930
137.92395
137.40442
197.04886
218.21005
226.72031
243.55182
261.94055
220.19580
156.62486
119.02213
79.95219
24.90886
0.25073
0.00000
0.00000
0.00000
0.00000
0.00000
0.14517
24.19920
65.43187
102.55312
178.41888
154.97031
179.18353
231.27617
201.68205
245.23576
182.55856
211.93793
158.96704
159.49670
153.45798
81.70722
54.21267
19.24035
0.15837
0.00000
0.00000
0.00000
0.00000
0.00000
0.01319
3.78736
12.90608
27.34295
23.43681
38.82382
67.76354
125.64780
161.39880
198.43140
222.82599
215.42966
195.56808
136.59589
103.12369
87.32660
59.00538
25.09899
0.29399
0.00000
0.00000
0.00000
0.00000
0.00000
0.05278
13.13191
18.11868
53.17201
135.60265
170.50723
229.77847
241.79599
259.00153
201.07068
171.27109
128.07478
77.58167
90.13146
71.01708
79.13309
48.76490
16.03365
0.23753
0.00000
0.00000
0.00000
0.00000
0.00000
0.01319
6.77524
23.67504
30.01153
53.55848
69.64278
150.03738
221.10533
242.46223
247.22000
223.76895
233.83324
218.51518
195.84979
173.55118
102.18166
65.07264
19.56677
0.29031
0.00000
0.00000
0.00000
0.00000
0.00000
0.10559
19.52170
52.42649
76.18968
94.05615
107.33139
116.91412
129.42737
124.87610
132.53387
133.25726
124.39331
117.32495
104.85767
97.60077
79.82846
53.56289
21.96486
0.37319
0.00000
0.00000
0.00000
0.00000
0.00000
0.09240
22.43580
60.27694
88.35757
132.35692
123.21744
183.40030
174.65326
177.89026
144.00928
153.63922
138.36688
117.24115
102.79776
88.14880
79.41817
52.28896
21.23344
0.34681
0.00000
0.00000
0.00000
0.00000
0.00000
0.06597
18.44816
50.77462
74.42418
92.01620
105.40631
117.49036
150.49908
279.46002
298.62216
287.95160
230.49088
242.07164
167.51355
136.72131
90.80655
53.56462
21.67281
0.34681
0.00000
0.00000
0.00000
0.00000
0.00000
0.03958
18.06111
50.21333
74.21727
91.16827
104.55042
115.35797
121.84613
124.23120
122.12054
120.22516
124.34125
162.45187
178.92828
140.04929
111.01925
54.05299
20.76278
0.33361
0.00000
0.00000
0.00000
0.00000
0.00000
0.03958
17.50917
49.54549
73.01302
90.70419
103.96793
114.32147
123.60870
194.11108
151.87158
164.85901
162.59351
138.07727
106.50107
91.46359
82.62707
43.49677
17.81201
0.32042
0.00000
0.00000
0.00000
0.00000
0.00000
0.01319
17.34906
47.73407
73.43942
92.62225
103.46436
115.40906
123.33386
133.94153
129.42975
137.75482
121.61194
112.05084
103.13583
90.61200
74.47185
53.90833
21.06834
0.32042
0.00000
0.00000
0.00000
0.00000
0.00000
0.00000
17.64417
50.22441
73.77298
90.86343
104.39883
117.49493
120.66034
125.79706
127.82581
125.71442
122.45099
113.72369
104.73126
92.26492
75.12914
52.55428
21.10538
0.29399
0.00000
0.00000
0.00000
0.00000
0.00000
0.00000
18.36451
52.74841
78.52161
89.66632
103.09555
112.98505
119.13470
124.18829
124.97931
127.28497
120.48340
111.90894
100.29889
97.34259
84.38908
53.96358
20.88184
0.26760
0.00000
0.00000
0.00000
0.00000
0.00000
0.00000
16.48205
49.59365
70.42738
90.06049
103.47906
114.38470
118.77863
123.46484
124.63959
122.97913
119.04651
110.42810
101.23160
91.83881
74.68422
51.82468
20.88097
0.24122
0.00000
0.00000
0.00000
0.00000
0.00000
0.00000
16.26792
49.08466
72.62463
89.74399
102.39670
112.85120
119.52057
123.54004
124.27625
124.37158
120.65369
109.29742
103.35434
98.24265
79.52237
51.16827
18.68538
0.21483
0.00000
0.00000
0.00000
0.00000
0.00000
0.00000
13.08719
47.74382
70.80064
87.73831
102.46881
116.76007
127.87579
152.47656
153.49792
144.88873
174.47696
140.73181
144.77737
103.67538
84.58423
54.50271
19.60927
0.17524
0.00000
0.00000
0.00000
0.00000
0.00000
0.00000
15.35771
54.41837
98.14812
128.61253
161.54922
128.00006
149.76300
163.54340
148.05450
152.29669
128.86212
124.19147
104.45898
92.41261
61.67294
50.11559
18.33232
0.11878
0.00000
0.00000
0.00000
0.00000
0.00000
0.00000
13.85271
45.33726
75.36244
94.71484
110.93158
114.21658
121.94971
118.71130
159.37531
177.58447
118.46979
135.21835
118.86792
102.93864
81.45769
48.36097
21.09354
0.09240
0.00000
0.00000
0.00000
0.00000
0.00000
0.00000
13.82948
50.85979
83.10513
121.43542
115.18127
176.59836
204.73389
208.94330
220.25775
205.50043
223.21979
201.72525
156.46370
135.59999
96.23125
66.06833
20.87107
0.06597
0.00000
0.00000
0.00000
0.00000
0.00000
0.00000
15.73757
64.31615
103.60564
140.72893
151.82257
136.09744
132.55310
139.48102
135.82526
170.31769
129.69427
151.06784
142.97012
139.73663
98.09009
49.05073
14.70608
0.05278
0.00000
0.00000
0.00000
0.00000
0.00000
0.00000
12.75587
52.60184
102.98148
140.61986
147.74011
182.27328
274.49786
328.12488
326.21664
280.96011
311.03088
209.90309
211.35870
161.19887
113.24545
60.74205
17.12233
0.03958
0.00000
0.00000
0.00000
0.00000
0.00000
0.00000
12.68983
50.93104
84.97614
119.98302
185.64662
206.97314
276.47314
270.59705
306.84137
327.57544
278.44174
206.41910
187.17841
167.80768
107.46658
55.33441
16.97712
0.01319
0.00000
0.00000
0.00000
0.00000
0.00000
0.00000
4.68622
42.67545
107.83319
124.95692
124.11719
188.95181
198.71518
209.52380
223.41876
267.31830
274.95142
255.75491
224.32834
120.87424
80.64503
64.70541
20.16496
0.00000
0.00000
0.00000
0.00000
0.00000
0.00000
0.00000
12.21007
54.50989
90.08521
116.67053
116.84433
181.18832
191.58914
206.48865
202.35892
196.49420
246.92322
256.24603
196.53601
179.28148
85.38545
54.86316
16.55208
0.00000
0.00000
0.00000
0.00000
0.00000
0.00000
0.00000
5.48628
28.24392
52.78000
77.76643
75.83976
93.97826
191.25018
153.75473
198.36682
151.95361
151.87363
139.20123
120.05414
100.88857
74.32715
48.48896
14.69181
0.00000
0.00000
0.00000
0.00000
0.00000
0.00000
0.00000
10.06965
40.58774
75.66852
88.89343
110.90604
125.30453
127.23248
141.56873
192.25446
184.70209
130.02560
137.49448
128.11847
93.88361
65.91444
44.04813
13.69590
0.00000
0.00000
0.00000
0.00000
0.00000
0.00000
0.00000
10.55045
51.69378
95.40205
137.79166
190.90240
260.11121
270.32587
298.27664
288.16284
228.99252
278.71323
235.84171
192.42348
145.93570
96.70986
59.94489
8.46250
0.00000
0.00000
0.00000
0.00000
0.00000
0.00000
0.00000
9.36896
42.13187
66.94749
86.67780
141.76105
217.63449
154.72534
177.47171
184.22504
198.49939
193.74176
127.62900
166.73178
129.61740
99.58070
49.01736
12.20087
0.00000
0.00000
0.00000
0.00000
0.00000
0.00000
0.00000
8.95361
41.34267
66.95236
86.03302
99.35785
131.04034
131.33569
164.46994
155.48184
178.16443
153.17035
135.82468
111.04681
87.69862
87.98175
51.95764
12.38767
0.00000
0.00000
0.00000
0.00000
0.00000
0.00000
0.00000
8.07597
51.98111
91.57288
110.70226
145.57883
114.07761
136.53601
132.70691
179.14670
268.86984
330.05310
267.05536
259.67374
158.70639
101.24368
51.07302
13.24757
0.00000
0.00000
0.00000
0.00000
0.00000
0.00000
0.00000
7.23444
36.85989
64.15205
94.09879
124.01828
204.67094
195.96600
225.84476
194.20825
205.50888
182.75040
223.03442
170.34822
129.64131
76.24747
48.53250
13.90451
0.00000
0.00000
0.00000
0.00000
0.00000
0.00000
0.00000
6.41705
41.65809
68.05321
89.40334
113.67288
133.46371
164.77814
153.43649
218.02661
224.10361
159.36407
142.73615
156.16586
79.89320
74.04169
43.72368
11.12920
0.00000
0.00000
0.00000
0.00000
0.00000
0.00000
0.00000
7.35215
42.94538
83.95255
114.89491
143.72827
148.25381
165.69188
157.00311
214.09908
287.99207
276.22418
243.00616
169.21576
120.79865
70.48663
37.06674
10.62781
0.00000
0.00000
0.00000
0.00000
0.00000
0.00000
0.00000
1.83431
12.42035
26.18167
49.93521
106.99951
109.93719
180.90979
152.28665
138.59161
163.46814
156.38800
112.12408
108.49223
92.54771
69.57777
34.43645
7.90556
0.00000
0.00000
0.00000
0.00000
0.00000
0.00000
0.00000
5.82188
39.71160
74.76035
100.70186
120.58722
152.13480
134.04852
131.97308
176.97580
201.99396
140.55627
101.01224
108.57629
100.97417
68.32515
35.88520
9.63358
0.00000
0.00000
0.00000
0.00000
0.00000
0.00000
0.00000
5.24889
35.73379
63.02567
90.77695
95.54678
106.68033
153.51511
155.74902
183.38889
165.38794
141.51038
121.23987
114.10571
101.66185
70.27743
42.14201
9.14896
0.00000
0.00000
0.00000
0.00000
0.00000
0.00000
0.00000
4.70531
35.03754
60.57280
88.95769
94.49255
104.38452
109.19366
135.63458
169.51300
209.12509
254.39099
216.27826
177.00694
127.11937
83.34392
42.23458
8.91441
0.00000
0.00000
0.00000
0.00000
0.00000
0.00000
0.00000
4.20576
32.84309
60.00365
88.17392
100.82870
112.14618
201.40561
176.70651
199.94543
136.68536
182.01083
169.22684
146.06900
105.74727
77.16718
34.30865
7.68236
0.00000
0.00000
0.00000
0.00000
0.00000
0.00000
0.00000
3.55337
33.46014
69.02272
88.54924
107.20071
151.37076
148.48755
151.68390
172.57227
156.15347
162.58099
145.32254
118.27533
85.44882
62.04005
34.68327
5.93257
0.00000
0.00000
0.00000
0.00000
0.00000
0.00000
0.00000
3.32941
32.80107
60.73018
80.83832
95.28354
110.82422
122.29266
136.72614
126.41876
150.02493
159.37595
152.57623
127.51364
95.52086
67.45344
34.05448
5.99559
0.00000
0.00000
0.00000
0.00000
0.00000
0.00000
0.00000
2.55052
28.63236
57.15736
87.14059
107.80627
100.84604
114.97485
170.53195
176.47870
151.29816
153.87378
162.95007
150.59335
109.88667
58.35691
33.37903
5.24257
0.00000
0.00000
0.00000
0.00000
0.00000
0.00000
0.00000
2.52264
32.12048
65.51039
81.53131
100.10898
146.68332
149.15887
237.20499
309.92279
268.33972
288.40869
195.28662
184.95584
132.08574
75.87823
36.15104
4.83101
0.00000
0.00000
0.00000
0.00000
0.00000
0.00000
0.00000
2.37674
31.21344
60.95950
80.80246
95.43484
124.94531
143.62543
219.00558
255.78973
241.23431
297.47943
220.01778
175.32201
127.78751
83.35413
40.33805
5.26208
0.00000
0.00000
0.00000
0.00000
0.00000
0.00000
0.00000
1.67299
25.91621
64.74323
86.71623
123.95738
158.71912
180.26648
223.56677
247.09131
336.03705
241.85321
183.35439
182.40601
138.40746
99.51878
49.33868
5.00146
0.00000
0.00000
0.00000
0.00000
0.00000
0.00000
0.00000
1.44132
31.09014
75.64162
111.77725
126.18091
246.62981
261.88455
314.62793
283.29785
278.28516
271.03906
198.80563
168.11945
106.13542
64.69080
36.22086
4.41066
0.00000
0.00000
0.00000
0.00000
0.00000
0.00000
0.00000
1.36618
30.71708
59.18413
81.05360
101.58606
116.81671
137.09888
144.58691
181.39459
188.24503
149.25446
114.40393
108.21954
94.50403
72.43788
39.78913
4.47899
0.00000
0.00000
0.00000
0.00000
0.00000
0.00000
0.00000
0.98201
26.32135
73.30541
105.63220
154.61273
182.92166
191.91803
218.16061
172.16455
192.11267
186.61029
184.56976
170.68106
123.11932
89.00354
41.41580
3.45892
0.00000
0.00000
0.00000
0.00000
0.00000
0.00000
0.00000
0.80097
27.64681
65.60603
93.18271
119.48682
110.89679
127.92896
182.10144
224.55157
263.26031
240.76875
213.78127
172.30623
109.72629
57.74906
27.04264
2.43174
0.00000
0.00000
0.00000
0.00000
0.00000
0.00000
0.00000
0.43917
22.87149
62.41483
103.57420
121.85783
118.32236
103.36969
121.12042
130.89996
179.47113
132.10275
118.12173
107.04968
91.33182
66.88206
30.73202
2.16049
0.00000
0.00000
0.00000
0.00000
0.00000
0.00000
0.00000
0.34681
22.57740
56.01391
77.24777
92.51337
132.41245
119.92462
123.23425
141.38483
146.71576
135.66245
130.98743
91.90027
88.73317
57.62368
21.67097
1.50510
0.00000
0.00000
0.00000
0.00000
0.00000
0.00000
0.00000
0.19795
21.03274
53.77734
70.45413
95.96729
114.14282
135.48499
114.62259
149.16425
199.13528
195.89642
196.27310
173.22083
126.25944
78.23094
26.32684
1.18767
0.00000
0.00000
0.00000
0.00000
0.00000
0.00000
0.00000
0.03958
10.16406
42.76278
80.76097
149.01523
176.22913
197.90221
245.08113
244.50804
235.90202
161.11153
157.92329
159.81818
108.18655
72.50111
26.29743
1.09309
0.00000
0.00000
0.00000
0.00000
0.00000
0.00000
0.00000
0.01319
13.93542
48.36146
71.52396
78.10951
148.63490
178.41470
256.09091
206.01295
190.02365
166.26151
172.68390
93.18570
98.86105
62.24355
17.98444
0.63712
0.00000
0.00000
0.00000
0.00000
0.00000
0.00000
0.00000
0.00000
21.72128
72.33368
130.07443
217.41409
208.71527
222.27017
251.78072
280.06903
261.76730
221.57013
198.32314
151.19810
95.56055
69.82690
24.00090
0.50514
0.00000
0.00000
0.00000
0.00000
0.00000
0.00000
0.00000
0.00000
18.50114
54.85398
75.50320
91.51141
102.96652
111.20160
114.39746
109.19080
126.22906
136.15686
107.15692
126.25366
78.80077
57.36995
24.31809
0.38639
0.00000
0.00000
0.00000
0.00000
0.00000
0.00000
0.00000
0.00000
18.02493
59.49435
92.12779
134.04428
112.87085
114.58008
117.40863
119.48444
121.92334
111.71753
107.06714
92.71429
77.67111
56.23621
22.83413
0.18844
0.00000
0.00000
0.00000
0.00000
0.00000
0.00000
0.00000
0.00000
18.43545
62.09507
92.91309
117.64243
149.83804
154.37881
180.37634
210.82245
216.78055
235.34558
212.35352
188.60825
129.54572
60.03392
22.89253
0.06597
0.00000
0.00000
0.00000
0.00000
0.00000
0.00000
0.00000
0.00000
14.88222
51.13639
76.03464
89.85703
98.82794
106.63666
132.17426
145.34576
156.96930
167.96118
128.92084
119.32361
107.07909
61.90347
18.60695
0.01319
0.00000
0.00000
0.00000
0.00000
0.00000
0.00000
0.00000
0.00000
16.36747
66.16055
82.03897
86.61115
109.28189
110.57150
112.68970
118.73676
129.33783
132.27365
111.10287
111.51450
80.36446
55.65569
18.50934
0.00000
0.00000
0.00000
0.00000
0.00000
0.00000
0.00000
0.00000
0.00000
12.77566
48.12517
72.13188
88.77942
102.82220
112.85950
124.74493
120.34167
137.34979
131.14456
111.69775
102.12305
74.87173
52.04237
16.53274
0.00000
0.00000
0.00000
0.00000
0.00000
0.00000
0.00000
0.00000
0.00000
11.98740
47.50201
72.89140
89.91727
116.04501
103.86249
110.45190
105.62018
105.77002
103.24738
99.64371
87.75244
75.06621
52.11316
15.65746
0.00000
0.00000
0.00000
0.00000
0.00000
0.00000
0.00000
0.00000
0.00000
11.73156
45.29958
72.42943
87.99570
106.90210
110.29504
116.55499
118.00012
104.70654
107.90182
111.65363
88.86465
74.32082
49.31747
13.89278
0.00000
0.00000
0.00000
0.00000
0.00000
0.00000
0.00000
0.00000
0.00000
11.26545
64.92955
114.16702
140.11314
225.18369
271.25900
316.95914
342.77594
335.27090
289.20782
232.59210
150.22070
57.17486
42.21375
7.66712
0.00000
0.00000
0.00000
0.00000
0.00000
0.00000
0.00000
0.00000
0.00000
10.11427
46.21941
74.67142
105.56407
145.66072
171.72141
153.18439
158.70961
155.01770
112.01653
113.05730
81.47462
74.99663
47.89983
13.18469
0.00000
0.00000
0.00000
0.00000
0.00000
0.00000
0.00000
0.00000
0.00000
10.89663
65.17136
121.63481
161.46991
203.04074
174.91861
154.47003
255.30241
196.89816
213.91083
223.14201
182.47194
124.30862
68.28188
10.77115
0.00000
0.00000
0.00000
0.00000
0.00000
0.00000
0.00000
0.00000
0.00000
5.10701
30.86246
73.85406
139.24043
193.46162
212.51736
178.33884
204.67377
236.28452
257.37988
200.78452
153.93547
108.92416
55.02660
11.26316
0.00000
0.00000
0.00000
0.00000
0.00000
0.00000
0.00000
0.00000
0.00000
9.23090
52.74236
107.32082
130.51672
159.21460
156.93616
157.89117
150.23810
168.14938
143.17947
137.76172
107.27942
81.44054
41.27733
7.94292
0.00000
0.00000
0.00000
0.00000
0.00000
0.00000
0.00000
0.00000
0.00000
7.18059
45.27222
71.22603
99.92996
95.63022
104.58023
108.63092
109.75513
108.45294
103.95181
97.00909
86.21979
68.98193
43.46719
8.31431
0.00000
0.00000
0.00000
0.00000
0.00000
0.00000
0.00000
0.00000
0.00000
6.09698
40.69271
69.67516
88.72455
101.60406
105.08340
123.60400
136.82266
115.37845
134.80408
122.36041
102.53065
68.88771
36.54097
7.15875
0.00000
0.00000
0.00000
0.00000
0.00000
0.00000
0.00000
0.00000
0.00000
5.42517
39.59267
67.42577
84.86932
116.46298
108.96527
123.31549
114.23047
121.38971
140.33890
113.76204
83.55402
66.63159
40.16590
4.64118
0.00000
0.00000
0.00000
0.00000
0.00000
0.00000
0.00000
0.00000
0.00000
5.12903
43.03389
73.35509
110.47955
123.17365
149.67108
195.28687
212.69864
268.08887
241.31268
208.93903
156.95464
113.47673
55.53250
6.27198
0.00000
0.00000
0.00000
0.00000
0.00000
0.00000
0.00000
0.00000
0.00000
4.21170
43.80896
91.54882
148.10889
139.69653
139.32498
172.66290
180.73886
183.75101
168.55939
165.57018
140.75038
81.27895
40.19743
4.44719
0.00000
0.00000
0.00000
0.00000
0.00000
0.00000
0.00000
0.00000
0.00000
3.21976
35.88611
78.37286
128.14429
151.72861
196.10751
210.04553
217.87140
199.41797
153.35944
121.55412
89.99849
72.28329
29.62847
2.82608
0.00000
0.00000
0.00000
0.00000
0.00000
0.00000
0.00000
0.00000
0.00000
2.75396
36.68490
83.35670
133.92238
144.95380
121.27740
129.13947
121.90363
123.25717
120.37985
99.41626
95.51607
57.03035
33.67552
2.57941
0.00000
0.00000
0.00000
0.00000
0.00000
0.00000
0.00000
0.00000
0.00000
2.66340
35.69882
65.73833
99.04082
138.77414
151.04832
211.77953
197.15326
177.11200
156.91754
148.23145
117.97133
69.29000
22.03413
1.43840
0.00000
0.00000
0.00000
0.00000
0.00000
0.00000
0.00000
0.00000
0.00000
2.32618
36.58601
83.30587
125.69572
107.93201
142.12347
167.68250
153.49722
170.23837
123.31180
108.19382
100.49704
67.41441
32.64920
2.14545
0.00000
0.00000
0.00000
0.00000
0.00000
0.00000
0.00000
0.00000
0.00000
1.68694
32.66254
90.63004
109.18309
162.71684
149.55972
153.73840
218.56592
212.17641
187.55363
165.94131
141.42465
86.96791
31.74882
1.30385
0.00000
0.00000
0.00000
0.00000
0.00000
0.00000
0.00000
0.00000
0.00000
1.56743
31.90583
64.31110
83.18074
129.60565
142.25735
151.40244
161.03168
169.11545
189.30714
160.56705
117.09503
70.02642
28.09069
0.89882
0.00000
0.00000
0.00000
0.00000
0.00000
0.00000
0.00000
0.00000
0.00000
1.09271
30.49837
63.86920
84.19412
88.48526
97.62115
140.57874
181.05551
237.40237
211.62086
180.59317
107.28470
78.07607
29.74577
0.75000
0.00000
0.00000
0.00000
0.00000
0.00000
0.00000
0.00000
0.00000
0.00000
0.85375
27.70816
70.13599
109.36952
167.53580
184.28447
181.75256
159.11565
186.42657
202.33017
135.45915
104.24731
84.85687
32.62174
0.31670
0.00000
0.00000
0.00000
0.00000
0.00000
0.00000
0.00000
0.00000
0.00000
0.44868
26.80642
80.70712
129.05508
124.00434
148.60397
137.63785
131.81693
90.47830
104.86878
72.95076
61.77951
32.16889
12.89965
0.06597
0.00000
0.00000
0.00000
0.00000
0.00000
0.00000
0.00000
0.00000
0.00000
0.25073
29.15816
87.23465
142.62064
193.82019
218.96576
259.16058
188.77545
177.16628
115.96802
71.33976
59.56281
46.72580
17.62340
0.05278
0.00000
0.00000
0.00000
0.00000
0.00000
0.00000
0.00000
0.00000
0.00000
0.14517
17.54816
49.48351
94.70281
149.59959
235.21378
244.68538
247.96568
229.00009
170.63113
136.64545
93.95656
58.16222
16.92323
0.00000
0.00000
0.00000
0.00000
0.00000
0.00000
0.00000
0.00000
0.00000
0.00000
0.10559
24.38188
57.55439
78.59242
94.78116
134.96649
234.67137
214.34593
197.70885
190.16573
162.12526
109.29937
63.72438
15.18524
0.00000
0.00000
0.00000
0.00000
0.00000
0.00000
0.00000
0.00000
0.00000
0.00000
0.01319
21.21868
63.86131
92.40555
91.71072
106.89993
104.91693
195.21207
156.37448
128.33533
101.06555
81.12132
51.17086
17.27531
0.00000
0.00000
0.00000
0.00000
0.00000
0.00000
0.00000
0.00000
0.00000
0.00000
0.00000
25.10514
79.65816
120.93618
154.64877
178.88202
217.78397
246.86258
238.25111
215.18765
193.69952
154.29019
81.42979
19.62451
0.00000
0.00000
0.00000
0.00000
0.00000
0.00000
0.00000
0.00000
0.00000
0.00000
0.00000
9.63337
54.21083
102.63906
192.43103
196.88078
213.52719
158.79169
163.57440
152.53683
121.37893
78.02048
39.99569
9.38264
0.00000
0.00000
0.00000
0.00000
0.00000
0.00000
0.00000
0.00000
0.00000
0.00000
0.00000
17.85965
57.55989
85.44492
120.95781
183.02959
237.51292
186.15729
192.12640
123.15205
78.03035
60.10962
28.67580
5.81962
0.00000
0.00000
0.00000
0.00000
0.00000
0.00000
0.00000
0.00000
0.00000
0.00000
0.00000
2.49413
18.45806
53.74326
92.38149
126.02624
178.45523
148.80470
102.91417
85.41875
53.01365
38.67458
19.99608
4.24924
0.00000
0.00000
0.00000
0.00000
0.00000
0.00000
0.00000
0.00000
0.00000
0.00000
0.00000
8.57309
35.16510
78.52250
82.15885
78.04642
112.68690
141.88341
192.00217
171.46838
115.35396
82.06545
46.60323
7.74677
0.00000
0.00000
0.00000
0.00000
0.00000
0.00000
0.00000
0.00000
0.00000
0.00000
0.00000
12.52493
48.73271
102.27448
153.39705
188.86432
202.38843
199.34680
163.34525
137.39774
102.77049
58.78736
26.97795
2.09823
0.00000
0.00000
0.00000
0.00000
0.00000
0.00000
0.00000
0.00000
0.00000
0.00000
0.00000
14.25323
51.15847
74.49788
89.13351
98.42459
100.03568
130.37729
121.71820
105.17303
92.70409
73.80504
41.80351
7.79830
0.00000
0.00000
0.00000
0.00000
0.00000
0.00000
0.00000
0.00000
0.00000
0.00000
0.00000
16.09896
72.45573
137.35226
140.50391
178.11411
157.49205
153.13475
101.88525
41.92496
29.79750
14.02778
5.48972
1.21406
0.00000
0.00000
0.00000
0.00000
0.00000
0.00000
0.00000
0.00000
0.00000
0.00000
0.00000
8.78580
30.59521
55.00521
37.43819
59.24028
63.14479
96.58448
143.04153
115.37569
45.62959
31.09549
14.71538
1.37243
0.00000
0.00000
0.00000
0.00000
0.00000
0.00000
0.00000
0.00000
0.00000
0.00000
0.00000
6.11361
37.24024
87.03366
154.02568
146.57794
187.73508
133.90941
177.83469
148.98997
92.78612
79.14455
35.23979
4.92486
0.00000
0.00000
0.00000
0.00000
0.00000
0.00000
0.00000
0.00000
0.00000
0.00000
0.00000
10.83615
59.12601
116.22478
131.32045
159.26405
155.74240
150.78978
147.62308
108.62510
73.64465
31.69778
18.73889
1.88708
0.00000
0.00000
0.00000
0.00000
0.00000
0.00000
0.00000
0.00000
0.00000
0.00000
0.00000
8.35483
42.21899
68.30850
142.61159
182.17355
186.86497
175.66284
155.46201
110.25260
96.59399
55.80170
28.55667
2.03149
0.00000
0.00000
0.00000
0.00000
0.00000
0.00000
0.00000
0.00000
0.00000
0.00000
0.00000
6.34587
38.64059
91.07149
143.10141
152.48285
189.31213
191.53769
149.45496
113.11986
110.89906
67.29007
24.14319
1.86069
0.00000
0.00000
0.00000
0.00000
0.00000
0.00000
0.00000
0.00000
0.00000
0.00000
0.00000
0.77858
5.29177
13.56590
21.87965
27.48812
25.85177
30.72125
25.91774
23.25208
19.50430
11.69201
5.26538
0.31670
0.00000
0.00000
0.00000
0.00000
0.00000
0.00000
0.00000
0.00000
0.00000
0.00000
0.00000
1.02934
10.70555
25.83562
44.24754
71.42611
109.77834
101.03554
151.71881
107.53351
95.33670
63.71587
25.77549
0.81819
0.00000
0.00000
0.00000
0.00000
0.00000
0.00000
0.00000
0.00000
0.00000
0.00000
0.00000
4.28809
33.30257
87.11108
111.02333
150.31827
148.00710
163.56889
148.55823
100.50400
107.77991
74.88847
20.00517
0.85556
0.00000
0.00000
0.00000
0.00000
0.00000
0.00000
0.00000
0.00000
0.00000
0.00000
0.00000
5.28740
43.64132
91.01871
150.55917
164.32027
170.45862
180.43184
139.34064
156.03934
85.86399
63.90316
24.07052
0.39590
0.00000
0.00000
0.00000
0.00000
0.00000
0.00000
0.00000
0.00000
0.00000
0.00000
0.00000
0.50146
6.98090
15.23233
46.52497
52.74604
73.37559
54.67271
73.51309
62.00927
51.10490
27.09222
10.20083
0.14517
0.00000
0.00000
0.00000
0.00000
0.00000
0.00000
0.00000
0.00000
0.00000
0.00000
0.00000
1.07038
14.70080
34.97049
73.42178
90.59396
122.34149
144.63217
125.95969
111.06094
97.77587
62.64597
25.94028
0.15837
0.00000
0.00000
0.00000
0.00000
0.00000
0.00000
0.00000
0.00000
0.00000
0.00000
0.00000
3.60042
42.22986
91.75166
128.69540
137.38289
157.70311
186.25745
157.38023
100.21815
60.85329
44.32326
9.07913
0.01319
0.00000
0.00000
0.00000
0.00000
0.00000
0.00000
0.00000
0.00000
0.00000
0.00000
0.00000
1.13490
17.47451
69.67257
88.50444
130.57863
164.82770
138.98500
148.63559
113.31596
99.93861
53.42260
18.68996
0.00000
0.00000
0.00000
0.00000
0.00000
0.00000
0.00000
0.00000
0.00000
0.00000
0.00000
0.00000
1.15358
19.54257
50.78187
99.32584
138.05020
145.20496
172.70270
160.15877
128.04028
93.07490
51.87906
12.37823
0.00000
0.00000
0.00000
0.00000
0.00000
0.00000
0.00000
0.00000
0.00000
0.00000
0.00000
0.00000
1.51760
24.21028
53.33191
81.88580
60.26799
27.05264
69.63229
63.74312
95.97885
59.24330
38.96302
14.27687
0.00000
0.00000
0.00000
0.00000
0.00000
0.00000
0.00000
0.00000
0.00000
0.00000
0.00000
0.00000
1.54545
34.59570
66.53365
81.15022
125.42088
140.73129
101.16304
88.10603
90.06295
76.19746
47.85382
17.17819
0.00000
0.00000
0.00000
0.00000
0.00000
0.00000
0.00000
0.00000
0.00000
0.00000
0.00000
0.00000
0.50146
17.14583
67.86774
97.80726
108.57238
94.47500
128.00877
126.02045
72.35962
79.37632
53.50288
10.95312
0.00000
0.00000
0.00000
0.00000
0.00000
0.00000
0.00000
0.00000
0.00000
0.00000
0.00000
0.00000
0.35632
7.79906
16.07323
37.27975
28.22712
52.19941
59.25188
102.36038
70.65139
42.46444
32.37420
9.33309
0.00000
0.00000
0.00000
0.00000
0.00000
0.00000
0.00000
0.00000
0.00000
0.00000
0.00000
0.00000
0.47507
27.96601
74.29118
115.98051
119.07535
152.10922
158.33853
147.75671
132.53453
110.49898
53.64198
10.55816
0.00000
0.00000
0.00000
0.00000
0.00000
0.00000
0.00000
0.00000
0.00000
0.00000
0.00000
0.00000
0.38639
23.45125
59.82473
92.66607
115.09474
138.43042
161.31505
126.70409
107.95372
71.03716
48.86073
11.99434
0.00000
0.00000
0.00000
0.00000
0.00000
0.00000
0.00000
0.00000
0.00000
0.00000
0.00000
0.00000
0.25073
33.54896
92.53222
139.94962
138.10725
115.77353
140.95930
148.76840
106.93750
81.22014
37.58722
5.06042
0.00000
0.00000
0.00000
0.00000
0.00000
0.00000
0.00000
0.00000
0.00000
0.00000
0.00000
0.00000
0.09240
26.01826
63.45619
97.72906
147.28476
163.12543
134.19084
121.18669
106.20299
70.46405
47.74215
8.52795
0.00000
0.00000
0.00000
0.00000
0.00000
0.00000
0.00000
0.00000
0.00000
0.00000
0.00000
0.00000
0.03958
22.23194
55.71540
84.52428
77.95474
78.16449
84.44324
87.67520
79.73032
66.56366
43.82358
8.14622
0.00000
0.00000
0.00000
0.00000
0.00000
0.00000
0.00000
0.00000
0.00000
0.00000
0.00000
0.00000
0.00000
21.26226
62.59920
74.52817
81.59610
94.64584
108.36134
96.49318
91.77524
60.11240
29.08153
2.97469
0.00000
0.00000
0.00000
0.00000
0.00000
0.00000
0.00000
0.00000
0.00000
0.00000
0.00000
0.00000
0.00000
13.56562
53.95198
78.63932
96.36140
135.33934
155.24242
136.87146
119.77374
76.88817
38.50674
5.36042
0.00000
0.00000
0.00000
0.00000
0.00000
0.00000
0.00000
0.00000
0.00000
0.00000
0.00000
0.00000
0.00000
16.28233
52.46223
77.89198
121.85715
136.48874
126.66367
125.55264
103.55986
82.16235
38.21774
4.27184
0.00000
0.00000
0.00000
0.00000
0.00000
0.00000
0.00000
0.00000
0.00000
0.00000
0.00000
0.00000
0.00000
12.95253
42.32229
76.02654
103.20282
107.94762
126.66753
112.32623
101.15735
79.87108
33.88521
3.09118
0.00000
0.00000
0.00000
0.00000
0.00000
0.00000
0.00000
0.00000
0.00000
0.00000
0.00000
0.00000
0.00000
15.57271
50.68316
75.52132
82.77083
87.81808
88.89499
85.64044
77.21312
61.96592
35.17657
3.25535
0.00000
0.00000
0.00000
0.00000
0.00000
0.00000
0.00000
0.00000
0.00000
0.00000
0.00000
0.00000
0.00000
15.23306
68.80746
109.25243
89.27989
67.46038
75.69861
96.32754
113.76231
69.07446
35.57792
2.24003
0.00000
0.00000
0.00000
0.00000
0.00000
0.00000
0.00000
0.00000
0.00000
0.00000
0.00000
0.00000
0.00000
7.28441
45.65583
51.04739
33.01740
33.98444
18.02629
20.63917
14.74038
21.16705
9.91788
1.07809
0.00000
0.00000
0.00000
0.00000
0.00000
0.00000
0.00000
0.00000
0.00000
0.00000
0.00000
0.00000
0.00000
4.28882
18.95004
96.89034
90.42227
76.94121
87.73029
92.75032
72.06909
54.69017
18.15983
1.00073
0.00000
0.00000
0.00000
0.00000
0.00000
0.00000
0.00000
0.00000
0.00000
0.00000
0.00000
0.00000
0.00000
6.86604
40.61587
63.98889
83.67601
101.49754
114.74014
82.63503
70.92785
44.18156
20.73531
0.66531
0.00000
0.00000
0.00000
0.00000
0.00000
0.00000
0.00000
0.00000
0.00000
0.00000
0.00000
0.00000
0.00000
6.57656
35.40889
46.89011
96.05729
115.94849
112.04076
77.50653
75.11889
45.42805
11.21694
0.23753
0.00000
0.00000
0.00000
0.00000
0.00000
0.00000
0.00000
0.00000
0.00000
0.00000
0.00000
0.00000
0.00000
3.87024
34.70945
64.29400
72.00774
94.89948
113.62128
92.72142
68.88940
48.75729
20.46920
0.26392
0.00000
0.00000
0.00000
0.00000
0.00000
0.00000
0.00000
0.00000
0.00000
0.00000
0.00000
0.00000
0.00000
6.19722
35.84694
66.42007
80.72830
67.18291
72.38434
66.10913
35.37955
20.52042
8.40979
0.03958
0.00000
0.00000
0.00000
0.00000
0.00000
0.00000
0.00000
0.00000
0.00000
0.00000
0.00000
0.00000
0.00000
2.03226
22.62781
47.27264
71.25163
78.04292
105.67510
119.55344
74.44157
53.94062
19.01149
0.05278
0.00000
0.00000
0.00000
0.00000
0.00000
0.00000
0.00000
0.00000
0.00000
0.00000
0.00000
0.00000
0.00000
6.83913
38.20983
62.20950
73.94548
80.92363
84.35358
79.31140
73.57816
57.47688
20.88396
0.00000
0.00000
0.00000
0.00000
0.00000
0.00000
0.00000
0.00000
0.00000
0.00000
0.00000
0.00000
0.00000
0.00000
5.68337
40.10826
91.45801
98.63748
114.90173
140.40904
125.72318
118.72079
69.79385
17.36135
0.00000
0.00000
0.00000
0.00000
0.00000
0.00000
0.00000
0.00000
0.00000
0.00000
0.00000
0.00000
0.00000
0.00000
1.93986
20.23010
56.10740
80.53035
106.11708
96.20399
82.06612
70.02014
38.52212
9.49712
0.00000
0.00000
0.00000
0.00000
0.00000
0.00000
0.00000
0.00000
0.00000
0.00000
0.00000
0.00000
0.00000
0.00000
0.96701
8.02340
23.53896
59.62795
85.22924
88.93913
72.11591
42.00156
24.40375
5.38413
0.00000
0.00000
0.00000
0.00000
0.00000
0.00000
0.00000
0.00000
0.00000
0.00000
0.00000
0.00000
0.00000
0.00000
1.34604
15.91486
23.04094
22.64503
45.74486
51.64122
40.85205
25.71979
15.05712
1.90028
0.00000
0.00000
0.00000
0.00000
0.00000
0.00000
0.00000
0.00000
0.00000
0.00000
0.00000
0.00000
0.00000
0.00000
1.84750
28.61392
66.09823
91.71400
109.78683
127.40144
107.97092
70.42700
45.35510
8.64705
0.00000
0.00000
0.00000
0.00000
0.00000
0.00000
0.00000
0.00000
0.00000
0.00000
0.00000
0.00000
0.00000
0.00000
1.42521
18.64250
72.83434
96.55893
113.88728
141.60887
106.82924
67.16406
38.25472
7.16156
0.00000
0.00000
0.00000
0.00000
0.00000
0.00000
0.00000
0.00000
0.00000
0.00000
0.00000
0.00000
0.00000
0.00000
1.40979
23.13066
54.30680
90.04170
98.75809
106.18583
97.65440
78.80892
48.36681
10.28000
0.00000
0.00000
0.00000
0.00000
0.00000
0.00000
0.00000
0.00000
0.00000
0.00000
0.00000
0.00000
0.00000
0.00000
0.59753
12.95976
25.95371
44.25212
55.29552
73.43893
74.82149
60.72764
37.82101
8.99552
0.00000
0.00000
0.00000
0.00000
0.00000
0.00000
0.00000
0.00000
0.00000
0.00000
0.00000
0.00000
0.00000
0.00000
1.02934
26.65063
61.93681
96.81205
116.91055
114.21024
106.98296
68.73441
35.68042
6.72392
0.00000
0.00000
0.00000
0.00000
0.00000
0.00000
0.00000
0.00000
0.00000
0.00000
0.00000
0.00000
0.00000
0.00000
0.39590
13.78722
33.99733
64.08364
82.43052
75.96715
73.11362
40.71344
28.98448
3.56670
0.00000
0.00000
0.00000
0.00000
0.00000
0.00000
0.00000
0.00000
0.00000
0.00000
0.00000
0.00000
0.00000
0.00000
0.50146
25.06882
49.78350
89.25697
118.95667
107.25390
99.21879
75.54472
38.87716
5.13340
0.00000
0.00000
0.00000
0.00000
0.00000
0.00000
0.00000
0.00000
0.00000
0.00000
0.00000
0.00000
0.00000
0.00000
0.23753
18.21104
50.58243
69.28979
108.79951
123.78812
98.65128
78.39774
35.89399
5.31816
0.00000
0.00000
0.00000
0.00000
0.00000
0.00000
0.00000
0.00000
0.00000
0.00000
0.00000
0.00000
0.00000
0.00000
0.10559
10.67958
27.29017
40.97958
43.56958
52.22073
48.39993
29.61274
12.64757
1.93986
0.00000
0.00000
0.00000
0.00000
0.00000
0.00000
0.00000
0.00000
0.00000
0.00000
0.00000
0.00000
0.00000
0.00000
0.01319
3.47066
11.73160
22.64871
26.68604
24.78285
18.27701
14.17295
7.15247
1.13490
0.00000
0.00000
0.00000
0.00000
0.00000
0.00000
0.00000
0.00000
0.00000
0.00000
0.00000
0.00000
0.00000
0.00000
0.00000
6.47792
18.09760
24.59479
32.19924
40.86878
30.50059
16.92330
7.20302
1.23278
0.00000
0.00000
0.00000
0.00000
0.00000
0.00000
0.00000
0.00000
0.00000
0.00000
0.00000
0.00000
0.00000
0.00000
0.00000
15.15424
46.91715
63.83973
70.51000
44.90406
39.20653
45.94646
19.50028
1.63635
0.00000
0.00000
0.00000
0.00000
0.00000
0.00000
0.00000
0.00000
0.00000
0.00000
0.00000
0.00000
0.00000
0.00000
0.00000
3.16715
15.20226
25.55986
27.64090
22.93535
24.37375
18.58055
13.73746
1.13490
0.00000
0.00000
0.00000
0.00000
0.00000
0.00000
0.00000
0.00000
0.00000
0.00000
0.00000
0.00000
0.00000
0.00000
0.00000
2.16420
7.73309
14.60990
23.02552
21.25941
24.74472
14.33128
7.15247
0.67302
0.00000
0.00000
0.00000
0.00000
0.00000
0.00000
0.00000
0.00000
0.00000
0.00000
0.00000
0.00000
0.00000
0.00000
0.00000
12.16187
44.66076
58.75826
69.21715
76.20057
60.09320
54.53306
28.28215
1.89076
0.00000
0.00000
0.00000
0.00000
0.00000
0.00000
0.00000
0.00000
0.00000
0.00000
0.00000
0.00000
0.00000
0.00000
0.00000
13.38653
46.39962
84.09834
107.69310
118.90627
100.08395
82.08622
33.80281
2.19052
0.00000
0.00000
0.00000
0.00000
0.00000
0.00000
0.00000
0.00000
0.00000
0.00000
0.00000
0.00000
0.00000
0.00000
0.00000
13.03028
51.72990
89.99990
110.95553
107.14403
94.94267
44.94066
17.88115
0.81819
0.00000
0.00000
0.00000
0.00000
0.00000
0.00000
0.00000
0.00000
0.00000
0.00000
0.00000
0.00000
0.00000
0.00000
0.00000
11.85347
48.24628
71.86957
84.07179
89.81420
76.88788
61.49515
30.36063
1.55788
0.00000
0.00000
0.00000
0.00000
0.00000
0.00000
0.00000
0.00000
0.00000
0.00000
0.00000
0.00000
0.00000
0.00000
0.00000
9.64948
47.04337
93.54784
108.03497
108.33562
101.65293
64.99420
31.11660
1.24597
0.00000
0.00000
0.00000
0.00000
0.00000
0.00000
0.00000
0.00000
0.00000
0.00000
0.00000
0.00000
0.00000
0.00000
0.00000
7.65760
44.07736
73.54993
98.90858
106.83308
75.87972
58.77344
25.57160
0.71260
0.00000
0.00000
0.00000
0.00000
0.00000
0.00000
0.00000
0.00000
0.00000
0.00000
0.00000
0.00000
0.00000
0.00000
0.00000
9.95879
45.37861
77.21611
106.80583
115.04597
82.68539
50.86583
20.12451
0.46187
0.00000
0.00000
0.00000
0.00000
0.00000
0.00000
0.00000
0.00000
0.00000
0.00000
0.00000
0.00000
0.00000
0.00000
0.00000
4.35552
33.85236
84.81892
125.42680
122.55095
94.36438
55.53379
22.18497
0.40910
0.00000
0.00000
0.00000
0.00000
0.00000
0.00000
0.00000
0.00000
0.00000
0.00000
0.00000
0.00000
0.00000
0.00000
0.00000
5.17299
31.24066
56.15597
76.26205
92.89795
82.25580
39.31878
16.91312
0.19795
0.00000
0.00000
0.00000
0.00000
0.00000
0.00000
0.00000
0.00000
0.00000
0.00000
0.00000
0.00000
0.00000
0.00000
0.00000
1.37243
6.80934
16.70667
23.39722
21.74767
20.95590
13.67149
5.13340
0.03958
0.00000
0.00000
0.00000
0.00000
0.00000
0.00000
0.00000
0.00000
0.00000
0.00000
0.00000
0.00000
0.00000
0.00000
0.00000
1.17448
7.11288
15.58497
22.57906
27.14500
24.25500
17.86535
5.59528
0.05278
0.00000
0.00000
0.00000
0.00000
0.00000
0.00000
0.00000
0.00000
0.00000
0.00000
0.00000
0.00000
0.00000
0.00000
0.00000
4.63264
23.24986
45.95059
66.57024
61.65243
59.22684
39.86889
14.09375
0.03958
0.00000
0.00000
0.00000
0.00000
0.00000
0.00000
0.00000
0.00000
0.00000
0.00000
0.00000
0.00000
0.00000
0.00000
0.00000
5.10330
34.92729
73.85122
92.72746
104.18687
96.09879
64.82264
24.32212
0.05278
0.00000
0.00000
0.00000
0.00000
0.00000
0.00000
0.00000
0.00000
0.00000
0.00000
0.00000
0.00000
0.00000
0.00000
0.00000
1.95306
31.20656
61.65337
83.42927
89.69271
72.51826
43.49639
13.87295
0.01319
0.00000
0.00000
0.00000
0.00000
0.00000
0.00000
0.00000
0.00000
0.00000
0.00000
0.00000
0.00000
0.00000
0.00000
0.00000
1.12170
15.99872
29.94618
49.45372
56.67347
61.09316
34.74319
8.57059
0.00000
0.00000
0.00000
0.00000
0.00000
0.00000
0.00000
0.00000
0.00000
0.00000
0.00000
0.00000
0.00000
0.00000
0.00000
0.00000
1.75514
23.48885
49.38309
67.82142
68.07327
58.12615
43.86684
15.97858
0.00000
0.00000
0.00000
0.00000
0.00000
0.00000
0.00000
0.00000
0.00000
0.00000
0.00000
0.00000
0.00000
0.00000
0.00000
0.00000
2.76281
29.45819
61.42340
87.75788
94.87271
93.74451
62.96180
19.70049
0.00000
0.00000
0.00000
0.00000
0.00000
0.00000
0.00000
0.00000
0.00000
0.00000
0.00000
0.00000
0.00000
0.00000
0.00000
0.00000
2.25941
27.16177
47.28844
56.66473
60.27324
54.44131
40.74177
14.81396
0.00000
0.00000
0.00000
0.00000
0.00000
0.00000
0.00000
0.00000
0.00000
0.00000
0.00000
0.00000
0.00000
0.00000
0.00000
0.00000
2.21299
34.94455
70.98621
93.25188
99.55063
86.95698
55.78827
16.43274
0.00000
0.00000
0.00000
0.00000
0.00000
0.00000
0.00000
0.00000
0.00000
0.00000
0.00000
0.00000
0.00000
0.00000
0.00000
0.00000
1.24045
29.26476
60.00431
86.87059
90.96355
79.31455
50.75490
15.31778
0.00000
0.00000
0.00000
0.00000
0.00000
0.00000
0.00000
0.00000
0.00000
0.00000
0.00000
0.00000
0.00000
0.00000
0.00000
0.00000
0.88417
20.01819
45.54778
66.74885
77.02802
68.61566
43.49087
10.66271
0.00000
0.00000
0.00000
0.00000
0.00000
0.00000
0.00000
0.00000
0.00000
0.00000
0.00000
0.00000
0.00000
0.00000
0.00000
0.00000
1.04542
24.51702
46.65250
57.32558
59.77512
57.42341
42.35865
15.10253
0.00000
0.00000
0.00000
0.00000
0.00000
0.00000
0.00000
0.00000
0.00000
0.00000
0.00000
0.00000
0.00000
0.00000
0.00000
0.00000
0.87424
23.89594
51.17236
67.37450
76.17296
80.25708
57.77625
15.42070
0.00000
0.00000
0.00000
0.00000
0.00000
0.00000
0.00000
0.00000
0.00000
0.00000
0.00000
0.00000
0.00000
0.00000
0.00000
0.00000
0.69170
26.45090
50.16014
57.07295
58.34068
52.32062
39.30935
13.53122
0.00000
0.00000
0.00000
0.00000
0.00000
0.00000
0.00000
0.00000
0.00000
0.00000
0.00000
0.00000
0.00000
0.00000
0.00000
0.00000
0.51066
20.46448
42.53139
54.34564
61.03139
60.19431
41.31420
11.96816
0.00000
0.00000
0.00000
0.00000
0.00000
0.00000
0.00000
0.00000
0.00000
0.00000
0.00000
0.00000
0.00000
0.00000
0.00000
0.00000
0.11878
10.35917
32.85830
48.86326
63.18264
40.67569
28.38677
6.23896
0.00000
0.00000
0.00000
0.00000
0.00000
0.00000
0.00000
0.00000
0.00000
0.00000
0.00000
0.00000
0.00000
0.00000
0.00000
0.00000
0.15837
14.29090
34.85382
43.78965
51.48858
35.06285
29.51077
6.80715
0.00000
0.00000
0.00000
0.00000
0.00000
0.00000
0.00000
0.00000
0.00000
0.00000
0.00000
0.00000
0.00000
0.00000
0.00000
0.00000
0.06597
12.46132
33.25549
51.09410
56.01250
46.08184
24.13622
4.53958
0.00000
0.00000
0.00000
0.00000
0.00000
0.00000
0.00000
0.00000
0.00000
0.00000
0.00000
0.00000
0.00000
0.00000
0.00000
0.00000
0.03958
8.07910
25.17653
34.08632
34.49910
20.87670
17.88115
3.69500
0.00000
0.00000
0.00000
0.00000
0.00000
0.00000
0.00000
0.00000
0.00000
0.00000
0.00000
0.00000
0.00000
0.00000
0.00000
0.00000
0.00000
3.36510
12.41010
17.52483
11.16417
11.05858
13.77632
3.48385
0.00000
0.00000
0.00000
0.00000
0.00000
0.00000
0.00000
0.00000
0.00000
0.00000
0.00000
0.00000
0.00000
0.00000
0.00000
0.00000
0.00000
7.33722
23.05413
37.14073
58.83354
57.70431
33.78649
9.61615
0.00000
0.00000
0.00000
0.00000
0.00000
0.00000
0.00000
0.00000
0.00000
0.00000
0.00000
0.00000
0.00000
0.00000
0.00000
0.00000
0.00000
15.92969
42.66399
63.30684
82.65452
88.89177
56.89076
13.63188
0.00000
0.00000
0.00000
0.00000
0.00000
0.00000
0.00000
0.00000
0.00000
0.00000
0.00000
0.00000
0.00000
0.00000
0.00000
0.00000
0.00000
17.78437
55.02764
77.83569
82.29340
69.78260
37.63615
10.14806
0.00000
0.00000
0.00000
0.00000
0.00000
0.00000
0.00000
0.00000
0.00000
0.00000
0.00000
0.00000
0.00000
0.00000
0.00000
0.00000
0.00000
15.43819
50.03705
62.99965
75.19083
65.38412
43.52142
9.96542
0.00000
0.00000
0.00000
0.00000
0.00000
0.00000
0.00000
0.00000
0.00000
0.00000
0.00000
0.00000
0.00000
0.00000
0.00000
0.00000
0.00000
5.41052
21.51014
39.95871
71.39653
63.83347
34.09798
9.58059
0.00000
0.00000
0.00000
0.00000
0.00000
0.00000
0.00000
0.00000
0.00000
0.00000
0.00000
0.00000
0.00000
0.00000
0.00000
0.00000
0.00000
15.84594
51.13125
52.51347
50.99396
39.16694
25.91774
7.64073
0.00000
0.00000
0.00000
0.00000
0.00000
0.00000
0.00000
0.00000
0.00000
0.00000
0.00000
0.00000
0.00000
0.00000
0.00000
0.00000
0.00000
12.28097
40.17139
58.00889
62.52726
51.47750
37.13632
10.79934
0.00000
0.00000
0.00000
0.00000
0.00000
0.00000
0.00000
0.00000
0.00000
0.00000
0.00000
0.00000
0.00000
0.00000
0.00000
0.00000
0.00000
16.01920
47.39799
66.63014
72.68517
62.44851
40.49115
12.15896
0.00000
0.00000
0.00000
0.00000
0.00000
0.00000
0.00000
0.00000
0.00000
0.00000
0.00000
0.00000
0.00000
0.00000
0.00000
0.00000
0.00000
11.19177
38.66337
65.22163
76.80055
62.69593
39.85532
10.19663
0.00000
0.00000
0.00000
0.00000
0.00000
0.00000
0.00000
0.00000
0.00000
0.00000
0.00000
0.00000
0.00000
0.00000
0.00000
0.00000
0.00000
5.42372
32.69997
45.40868
37.74174
39.11264
31.22260
8.61726
0.00000
0.00000
0.00000
0.00000
0.00000
0.00000
0.00000
0.00000
0.00000
0.00000
0.00000
0.00000
0.00000
0.00000
0.00000
0.00000
0.00000
4.16236
19.03292
25.20514
29.45437
16.53108
14.01458
4.76389
0.00000
0.00000
0.00000
0.00000
0.00000
0.00000
0.00000
0.00000
0.00000
0.00000
0.00000
0.00000
0.00000
0.00000
0.00000
0.00000
0.00000
6.96771
24.38694
34.62736
32.42684
27.15819
17.85844
6.43583
0.00000
0.00000
0.00000
0.00000
0.00000
0.00000
0.00000
0.00000
0.00000
0.00000
0.00000
0.00000
0.00000
0.00000
0.00000
0.00000
0.00000
10.34378
35.19483
57.91903
68.75625
63.50486
41.83260
11.15389
0.00000
0.00000
0.00000
0.00000
0.00000
0.00000
0.00000
0.00000
0.00000
0.00000
0.00000
0.00000
0.00000
0.00000
0.00000
0.00000
0.00000
14.29240
48.56469
79.75101
71.47424
71.36053
52.30212
15.11684
0.00000
0.00000
0.00000
0.00000
0.00000
0.00000
0.00000
0.00000
0.00000
0.00000
0.00000
0.00000
0.00000
0.00000
0.00000
0.00000
0.00000
9.90021
33.49577
45.83441
51.52274
53.49045
31.96646
7.69351
0.00000
0.00000
0.00000
0.00000
0.00000
0.00000
0.00000
0.00000
0.00000
0.00000
0.00000
0.00000
0.00000
0.00000
0.00000
0.00000
0.00000
10.79465
37.53524
60.04733
56.33545
62.96288
38.51038
13.68469
0.00000
0.00000
0.00000
0.00000
0.00000
0.00000
0.00000
0.00000
0.00000
0.00000
0.00000
0.00000
0.00000
0.00000
0.00000
0.00000
0.00000
11.76507
41.23260
54.81271
62.86909
55.30473
43.53785
15.19660
0.00000
0.00000
0.00000
0.00000
0.00000
0.00000
0.00000
0.00000
0.00000
0.00000
0.00000
0.00000
0.00000
0.00000
0.00000
0.00000
0.00000
7.78587
24.95441
45.80243
52.17802
63.20184
35.44618
10.80528
0.00000
0.00000
0.00000
0.00000
0.00000
0.00000
0.00000
0.00000
0.00000
0.00000
0.00000
0.00000
0.00000
0.00000
0.00000
0.00000
0.00000
9.23455
36.52365
64.21371
89.63754
73.32799
43.29181
12.30118
0.00000
0.00000
0.00000
0.00000
0.00000
0.00000
0.00000
0.00000
0.00000
0.00000
